<?xml version="1.0" encoding="utf-8"?>
<COLLADA xmlns="http://www.collada.org/2005/11/COLLADASchema" version="1.4.1">
  <asset>
    <contributor>
      <author>Mixamo</author>
      <authoring_tool>COLLADA Mixamo exporter</authoring_tool>
      <comments/>
    </contributor>
    <created>2026-04-22T07:47:00Z</created>
    <modified>2026-04-22T07:47:00Z</modified>
    <revision/>
    <title/>
    <unit meter="0.010000"/>
    <up_axis>Y_UP</up_axis>
  </asset>
  <library_animations>
    <animation id="mixamorig_Hips-anim" name="mixamorig_Hips">
      <source id="mixamorig_Hips-Matrix-animation-input">
        <float_array id="mixamorig_Hips-Matrix-animation-input-array" count="414">

0.000000 0.033333 0.066667 0.100000 0.133333 0.166667 0.200000 0.233333 0.266667 0.300000 0.333333 0.366667 0.400000 0.433333 0.466667 0.500000
0.533333 0.566667 0.600000 0.633333 0.666667 0.700000 0.733333 0.766667 0.800000 0.833333 0.866667 0.900000 0.933333 0.966667 1.000000 1.033333
1.066667 1.100000 1.133333 1.166667 1.200000 1.233333 1.266667 1.300000 1.333333 1.366667 1.400000 1.433333 1.466667 1.500000 1.533333 1.566667
1.600000 1.633333 1.666667 1.700000 1.733333 1.766667 1.800000 1.833333 1.866667 1.900000 1.933333 1.966667 2.000000 2.033333 2.066667 2.100000
2.133333 2.166667 2.200000 2.233333 2.266667 2.300000 2.333333 2.366667 2.400000 2.433333 2.466667 2.500000 2.533333 2.566667 2.600000 2.633333
2.666667 2.700000 2.733333 2.766667 2.800000 2.833333 2.866667 2.900000 2.933333 2.966667 3.000000 3.033333 3.066667 3.100000 3.133333 3.166667
3.200000 3.233333 3.266667 3.300000 3.333333 3.366667 3.400000 3.433333 3.466667 3.500000 3.533333 3.566667 3.600000 3.633333 3.666667 3.700000
3.733333 3.766667 3.800000 3.833333 3.866667 3.900000 3.933333 3.966667 4.000000 4.033333 4.066667 4.100000 4.133333 4.166667 4.200000 4.233333
4.266667 4.300000 4.333333 4.366667 4.400000 4.433333 4.466667 4.500000 4.533333 4.566667 4.600000 4.633333 4.666667 4.700000 4.733333 4.766667
4.800000 4.833333 4.866667 4.900000 4.933333 4.966667 5.000000 5.033333 5.066667 5.100000 5.133333 5.166667 5.200000 5.233333 5.266667 5.300000
5.333333 5.366667 5.400000 5.433333 5.466667 5.500000 5.533333 5.566667 5.600000 5.633333 5.666667 5.700000 5.733333 5.766667 5.800000 5.833333
5.866667 5.900000 5.933333 5.966667 6.000000 6.033333 6.066667 6.100000 6.133333 6.166667 6.200000 6.233333 6.266667 6.300000 6.333333 6.366667
6.400000 6.433333 6.466667 6.500000 6.533333 6.566667 6.600000 6.633333 6.666667 6.700000 6.733333 6.766667 6.800000 6.833333 6.866667 6.900000
6.933333 6.966667 7.000000 7.033333 7.066667 7.100000 7.133333 7.166667 7.200000 7.233333 7.266667 7.300000 7.333333 7.366667 7.400000 7.433333
7.466667 7.500000 7.533333 7.566667 7.600000 7.633333 7.666667 7.700000 7.733333 7.766667 7.800000 7.833333 7.866667 7.900000 7.933333 7.966667
8.000000 8.033333 8.066667 8.100000 8.133333 8.166667 8.200000 8.233333 8.266667 8.300000 8.333333 8.366667 8.400000 8.433333 8.466667 8.500000
8.533333 8.566667 8.600000 8.633333 8.666667 8.700000 8.733333 8.766667 8.800000 8.833333 8.866667 8.900000 8.933333 8.966667 9.000000 9.033333
9.066667 9.100000 9.133333 9.166667 9.200000 9.233333 9.266667 9.300000 9.333333 9.366667 9.400000 9.433333 9.466667 9.500000 9.533333 9.566667
9.600000 9.633333 9.666667 9.700000 9.733333 9.766667 9.800000 9.833333 9.866667 9.900000 9.933333 9.966667 10.000000 10.033333 10.066667 10.100000
10.133333 10.166667 10.200000 10.233333 10.266667 10.300000 10.333333 10.366667 10.400000 10.433333 10.466667 10.500000 10.533333 10.566667 10.600000 10.633333
10.666667 10.700000 10.733333 10.766667 10.800000 10.833333 10.866667 10.900000 10.933333 10.966667 11.000000 11.033333 11.066667 11.100000 11.133333 11.166667
11.200000 11.233333 11.266667 11.300000 11.333333 11.366667 11.400000 11.433333 11.466667 11.500000 11.533333 11.566667 11.600000 11.633333 11.666667 11.700000
11.733333 11.766667 11.800000 11.833333 11.866667 11.900000 11.933333 11.966667 12.000000 12.033333 12.066667 12.100000 12.133333 12.166667 12.200000 12.233333
12.266667 12.300000 12.333333 12.366667 12.400000 12.433333 12.466667 12.500000 12.533333 12.566667 12.600000 12.633333 12.666667 12.700000 12.733333 12.766667
12.800000 12.833333 12.866667 12.900000 12.933333 12.966667 13.000000 13.033333 13.066667 13.100000 13.133333 13.166667 13.200000 13.233333 13.266667 13.300000
13.333333 13.366667 13.400000 13.433333 13.466667 13.500000 13.533333 13.566667 13.600000 13.633333 13.666667 13.700000 13.733333 13.766667</float_array>
        <technique_common>
          <accessor source="#mixamorig_Hips-Matrix-animation-input-array" count="414">
            <param name="TIME" type="float"/>
          </accessor>
        </technique_common>
      </source>
      <source id="mixamorig_Hips-Matrix-animation-output-transform">
        <float_array id="mixamorig_Hips-Matrix-animation-output-transform-array" count="6624">

0.995464 0.020382 -0.092927 2.077728 -0.016569 0.998996 0.041620 101.651611 0.093682 -0.039892 0.994803 -3.425504 0.000000 0.000000 0.000000 1.000000
0.995236 0.020525 -0.095306 2.293610 -0.016762 0.999055 0.040110 101.627319 0.096039 -0.038321 0.994640 -3.486058 0.000000 0.000000 0.000000 1.000000
0.995066 0.019937 -0.097191 2.523559 -0.016277 0.999133 0.038311 101.648918 0.097870 -0.036540 0.994528 -3.528384 0.000000 0.000000 0.000000 1.000000
0.995072 0.019194 -0.097278 2.755819 -0.015720 0.999215 0.036358 101.748840 0.097899 -0.034650 0.994593 -3.530669 0.000000 0.000000 0.000000 1.000000
0.995466 0.018860 -0.093227 2.979603 -0.015776 0.999307 0.033708 101.899948 0.093798 -0.032084 0.995074 -3.491474 0.000000 0.000000 0.000000 1.000000
0.996268 0.019636 -0.084055 3.187332 -0.017156 0.999399 0.030132 102.033127 0.084596 -0.028577 0.996005 -3.434867 0.000000 0.000000 0.000000 1.000000
0.997287 0.021958 -0.070265 3.376989 -0.020201 0.999468 0.025618 102.087341 0.070790 -0.024129 0.997199 -3.398059 0.000000 0.000000 0.000000 1.000000
0.998188 0.026749 -0.053892 3.555681 -0.025676 0.999460 0.020509 102.057816 0.054411 -0.019088 0.998336 -3.402122 0.000000 0.000000 0.000000 1.000000
0.998748 0.032757 -0.037799 3.731250 -0.032201 0.999366 0.015222 101.951775 0.038274 -0.013985 0.999169 -3.446944 0.000000 0.000000 0.000000 1.000000
0.999017 0.038169 -0.022561 3.899316 -0.037944 0.999226 0.010347 101.754738 0.022939 -0.009481 0.999692 -3.521897 0.000000 0.000000 0.000000 1.000000
0.999202 0.039552 -0.005549 4.035662 -0.039509 0.999189 0.007776 101.355911 0.005852 -0.007551 0.999954 -3.617269 0.000000 0.000000 0.000000 1.000000
0.999182 0.036921 0.016490 4.110792 -0.037072 0.999272 0.008955 100.689148 -0.016148 -0.009559 0.999824 -3.743057 0.000000 0.000000 0.000000 1.000000
0.998512 0.032330 0.043921 4.130112 -0.033007 0.999346 0.014782 99.818771 -0.043414 -0.016210 0.998926 -3.907472 0.000000 0.000000 0.000000 1.000000
0.997169 0.025031 0.070898 4.135386 -0.026909 0.999309 0.025653 98.874870 -0.070207 -0.027488 0.997154 -4.111878 0.000000 0.000000 0.000000 1.000000
0.996133 0.012025 0.087035 4.181828 -0.015696 0.999010 0.041615 98.029892 -0.086449 -0.042820 0.995336 -4.341251 0.000000 0.000000 0.000000 1.000000
0.996322 -0.007366 0.085370 4.290967 0.002111 0.998106 0.061481 97.332275 -0.085661 -0.061074 0.994451 -4.557431 0.000000 0.000000 0.000000 1.000000
0.997550 -0.023523 0.065883 4.479948 0.018268 0.996686 0.079267 96.899933 -0.067529 -0.077870 0.994674 -4.686371 0.000000 0.000000 0.000000 1.000000
0.998939 -0.024645 0.038893 4.757764 0.021043 0.995679 0.090445 96.966759 -0.040954 -0.089531 0.995142 -4.662535 0.000000 0.000000 0.000000 1.000000
0.999912 -0.007769 0.010774 5.097282 0.006713 0.995472 0.094815 97.819763 -0.011462 -0.094734 0.995437 -4.484747 0.000000 0.000000 0.000000 1.000000
0.999624 0.018914 -0.019839 5.428027 -0.017052 0.995780 0.090170 99.284943 0.021461 -0.089798 0.995729 -4.217932 0.000000 0.000000 0.000000 1.000000
0.997378 0.045249 -0.056474 5.691631 -0.041020 0.996420 0.073927 100.819183 0.059617 -0.071416 0.995663 -3.928134 0.000000 0.000000 0.000000 1.000000
0.992988 0.065574 -0.098356 5.889632 -0.060609 0.996772 0.052652 101.874847 0.101492 -0.046322 0.993757 -3.628042 0.000000 0.000000 0.000000 1.000000
0.987403 0.076154 -0.138697 6.076906 -0.070743 0.996544 0.043538 102.041046 0.141533 -0.033178 0.989377 -3.243234 0.000000 0.000000 0.000000 1.000000
0.982759 0.072512 -0.170080 6.257328 -0.064494 0.996551 0.052210 101.295761 0.173279 -0.040341 0.984046 -2.711429 0.000000 0.000000 0.000000 1.000000
0.980583 0.055797 -0.188001 6.410833 -0.043841 0.996778 0.067165 100.145500 0.191142 -0.057618 0.979870 -2.113351 0.000000 0.000000 0.000000 1.000000
0.980335 0.038462 -0.193557 6.557839 -0.024603 0.996991 0.073506 99.316917 0.195802 -0.067299 0.978331 -1.566388 0.000000 0.000000 0.000000 1.000000
0.979336 0.036941 -0.198837 6.770875 -0.023276 0.997231 0.070629 99.312088 0.200895 -0.064542 0.977484 -1.082710 0.000000 0.000000 0.000000 1.000000
0.975535 0.055408 -0.212748 7.083676 -0.042041 0.996877 0.066851 100.091118 0.215788 -0.056272 0.974817 -0.613261 0.000000 0.000000 0.000000 1.000000
0.968361 0.085059 -0.234608 7.474099 -0.070518 0.995072 0.069702 101.065399 0.239381 -0.050952 0.969588 -0.110662 0.000000 0.000000 0.000000 1.000000
0.959365 0.114246 -0.258005 7.884395 -0.096964 0.992165 0.078785 101.643555 0.264984 -0.050566 0.962926 0.486811 0.000000 0.000000 0.000000 1.000000
0.950707 0.136773 -0.278296 8.310402 -0.115171 0.989018 0.092625 101.363777 0.287908 -0.056008 0.956019 1.169691 0.000000 0.000000 0.000000 1.000000
0.941419 0.157337 -0.298287 8.803859 -0.129112 0.985261 0.112208 100.141296 0.311545 -0.067122 0.947858 1.787440 0.000000 0.000000 0.000000 1.000000
0.928303 0.178773 -0.326026 9.409137 -0.140755 0.980535 0.136890 98.258919 0.344152 -0.081186 0.935397 2.143233 0.000000 0.000000 0.000000 1.000000
0.909430 0.198971 -0.365167 10.230034 -0.149401 0.975808 0.159618 96.189384 0.388092 -0.090605 0.917156 2.096412 0.000000 0.000000 0.000000 1.000000
0.889469 0.209451 -0.406171 11.373990 -0.152314 0.973840 0.168631 94.614212 0.430865 -0.088127 0.898103 1.709493 0.000000 0.000000 0.000000 1.000000
0.879271 0.197780 -0.433319 12.852485 -0.143119 0.977382 0.155697 93.940262 0.454312 -0.074883 0.887690 1.188839 0.000000 0.000000 0.000000 1.000000
0.885833 0.157519 -0.436449 14.634340 -0.113851 0.985647 0.124655 94.369873 0.449819 -0.060733 0.891052 0.733124 0.000000 0.000000 0.000000 1.000000
0.904864 0.094958 -0.414975 16.628344 -0.063140 0.993959 0.089768 95.652046 0.420993 -0.055027 0.905393 0.412118 0.000000 0.000000 0.000000 1.000000
0.927403 0.021376 -0.373451 18.704859 0.002422 0.998002 0.063139 97.278915 0.374055 -0.059460 0.925499 0.244960 0.000000 0.000000 0.000000 1.000000
0.947527 -0.052707 -0.315301 20.732574 0.071257 0.996322 0.047591 98.513206 0.311633 -0.067561 0.947798 0.268949 0.000000 0.000000 0.000000 1.000000
0.961798 -0.122341 -0.244902 22.649603 0.136740 0.989690 0.042614 98.684128 0.237163 -0.074474 0.968611 0.502532 0.000000 0.000000 0.000000 1.000000
0.966825 -0.188493 -0.172397 24.488762 0.199942 0.978454 0.051488 97.509499 0.158977 -0.084249 0.983681 0.861491 0.000000 0.000000 0.000000 1.000000
0.962366 -0.248694 -0.109557 26.419735 0.257815 0.962982 0.078720 95.157539 0.085924 -0.104002 0.990858 1.174092 0.000000 0.000000 0.000000 1.000000
0.951686 -0.300388 -0.063725 28.325655 0.306131 0.944354 0.120326 92.402969 0.024034 -0.134021 0.990687 1.281750 0.000000 0.000000 0.000000 1.000000
0.941022 -0.336154 -0.038452 29.703220 0.337877 0.927648 0.159084 90.244690 -0.017807 -0.162694 0.986516 1.126605 0.000000 0.000000 0.000000 1.000000
0.937850 -0.345323 -0.034492 30.042065 0.345885 0.921993 0.174046 89.393303 -0.028300 -0.175159 0.984133 0.748777 0.000000 0.000000 0.000000 1.000000
0.944822 -0.324405 -0.045532 29.189735 0.327474 0.931720 0.157031 89.999527 -0.008519 -0.163277 0.986544 0.194587 0.000000 0.000000 0.000000 1.000000
0.957308 -0.283383 -0.057061 27.393946 0.288358 0.950015 0.119672 91.670685 0.020296 -0.131017 0.991172 -0.482426 0.000000 0.000000 0.000000 1.000000
0.969431 -0.237870 -0.060175 25.030361 0.242193 0.966979 0.079340 93.681305 0.039315 -0.091488 0.995030 -1.175037 0.000000 0.000000 0.000000 1.000000
0.978361 -0.197395 -0.062011 22.412777 0.200508 0.978479 0.048735 95.360428 0.051056 -0.060114 0.996885 -1.743595 0.000000 0.000000 0.000000 1.000000
0.983904 -0.160775 -0.077998 19.828257 0.163782 0.985918 0.033785 96.165276 0.071468 -0.046016 0.996381 -2.188248 0.000000 0.000000 0.000000 1.000000
0.985562 -0.125840 -0.113280 17.448416 0.130631 0.990782 0.035882 95.851158 0.107720 -0.050162 0.992915 -2.631808 0.000000 0.000000 0.000000 1.000000
0.983425 -0.092039 -0.156217 15.341066 0.101289 0.993481 0.052307 94.822227 0.150384 -0.067263 0.986337 -3.148907 0.000000 0.000000 0.000000 1.000000
0.979578 -0.063396 -0.190810 13.474770 0.078834 0.994106 0.074425 94.046478 0.184967 -0.087947 0.978801 -3.684394 0.000000 0.000000 0.000000 1.000000
0.976653 -0.042538 -0.210568 11.845790 0.062737 0.993946 0.090193 94.369431 0.205456 -0.101298 0.973410 -4.172292 0.000000 0.000000 0.000000 1.000000
0.975145 -0.030605 -0.219446 10.448858 0.051499 0.994598 0.090131 96.158310 0.215501 -0.099192 0.971453 -4.622542 0.000000 0.000000 0.000000 1.000000
0.974300 -0.028319 -0.223467 9.257083 0.045007 0.996535 0.069940 99.135910 0.220712 -0.078200 0.972199 -5.072472 0.000000 0.000000 0.000000 1.000000
0.973883 -0.032029 -0.224781 8.190569 0.040190 0.998685 0.031825 102.225616 0.223466 -0.040028 0.973889 -5.509895 0.000000 0.000000 0.000000 1.000000
0.974202 -0.033234 -0.223217 7.105269 0.031253 0.999435 -0.012404 104.363411 0.223503 0.005108 0.974690 -5.806606 0.000000 0.000000 0.000000 1.000000
0.975363 -0.026409 -0.219019 6.009639 0.017208 0.998891 -0.043814 104.964287 0.219934 0.038966 0.974736 -5.884137 0.000000 0.000000 0.000000 1.000000
0.977170 -0.008174 -0.212300 5.009931 -0.002548 0.998737 -0.050183 104.277122 0.212442 0.049578 0.975915 -5.872388 0.000000 0.000000 0.000000 1.000000
0.979227 0.019991 -0.201781 4.132122 -0.027625 0.999002 -0.035086 102.799057 0.200879 0.039931 0.978802 -5.937171 0.000000 0.000000 0.000000 1.000000
0.981193 0.046499 -0.187343 3.317172 -0.050048 0.998645 -0.014256 101.008469 0.186427 0.023364 0.982191 -6.237742 0.000000 0.000000 0.000000 1.000000
0.983274 0.062223 -0.171174 2.474103 -0.063703 0.997964 -0.003159 99.435898 0.170629 0.014010 0.985236 -6.727205 0.000000 0.000000 0.000000 1.000000
0.986245 0.062889 -0.152857 1.511164 -0.064519 0.997900 -0.005723 98.631401 0.152176 0.015507 0.988232 -7.121461 0.000000 0.000000 0.000000 1.000000
0.990282 0.048522 -0.130338 0.346941 -0.050820 0.998605 -0.014365 98.831497 0.129459 0.020849 0.991366 -7.178069 0.000000 0.000000 0.000000 1.000000
0.994468 0.023667 -0.102334 -1.046654 -0.025904 0.999452 -0.020584 99.770630 0.101791 0.023121 0.994537 -6.855881 0.000000 0.000000 0.000000 1.000000
0.997457 -0.001702 -0.071245 -2.571694 0.000143 0.999760 -0.021889 100.742821 0.071265 0.021823 0.997219 -6.269949 0.000000 0.000000 0.000000 1.000000
0.998950 -0.020542 -0.040962 -4.060387 0.019770 0.999621 -0.019156 101.096512 0.041340 0.018326 0.998977 -5.561302 0.000000 0.000000 0.000000 1.000000
0.999454 -0.030680 -0.012287 -5.393569 0.030528 0.999458 -0.012324 100.450836 0.012658 0.011942 0.999849 -4.770979 0.000000 0.000000 0.000000 1.000000
0.999225 -0.035634 0.016719 -6.533257 0.035653 0.999364 -0.000831 98.902840 -0.016678 0.001427 0.999860 -3.989704 0.000000 0.000000 0.000000 1.000000
0.998258 -0.036713 0.046192 -7.624830 0.036152 0.999263 0.012918 97.017860 -0.046632 -0.011226 0.998849 -3.320837 0.000000 0.000000 0.000000 1.000000
0.996928 -0.030295 0.072229 -8.955637 0.028614 0.999298 0.024202 95.710106 -0.072912 -0.022061 0.997094 -2.825647 0.000000 0.000000 0.000000 1.000000
0.995819 -0.012876 0.090441 -10.717372 0.010170 0.999489 0.030318 95.755394 -0.090785 -0.029272 0.995440 -2.499510 0.000000 0.000000 0.000000 1.000000
0.994617 0.017647 0.102103 -12.866444 -0.020927 0.999296 0.031141 97.040581 -0.101481 -0.033110 0.994286 -2.267287 0.000000 0.000000 0.000000 1.000000
0.991594 0.061001 0.114106 -15.218134 -0.064265 0.997616 0.025150 98.823212 -0.112300 -0.032271 0.993150 -2.013688 0.000000 0.000000 0.000000 1.000000
0.985147 0.109999 0.131851 -17.627512 -0.112228 0.993636 0.009574 100.339737 -0.129959 -0.024229 0.991223 -1.687381 0.000000 0.000000 0.000000 1.000000
0.975482 0.154373 0.156856 -20.075569 -0.154380 0.987936 -0.012215 100.886261 -0.156850 -0.012300 0.987546 -1.352788 0.000000 0.000000 0.000000 1.000000
0.963282 0.188329 0.191361 -22.571444 -0.186485 0.982065 -0.027770 99.943764 -0.193159 -0.008935 0.981127 -1.117335 0.000000 0.000000 0.000000 1.000000
0.948887 0.208441 0.236992 -25.056604 -0.208433 0.977707 -0.025382 97.599518 -0.237000 -0.025312 0.971180 -1.104275 0.000000 0.000000 0.000000 1.000000
0.934121 0.214080 0.285634 -27.244619 -0.221595 0.975119 -0.006151 94.587303 -0.279844 -0.057549 0.958319 -1.386167 0.000000 0.000000 0.000000 1.000000
0.924563 0.206305 0.320347 -28.739456 -0.223211 0.974630 0.016549 92.021400 -0.308805 -0.086806 0.947156 -1.899586 0.000000 0.000000 0.000000 1.000000
0.924180 0.191450 0.330512 -29.087473 -0.212511 0.976745 0.028441 90.920952 -0.317381 -0.096522 0.943373 -2.425322 0.000000 0.000000 0.000000 1.000000
0.930642 0.175925 0.320869 -28.114435 -0.193204 0.980899 0.022558 91.555115 -0.310771 -0.082987 0.946855 -2.800308 0.000000 0.000000 0.000000 1.000000
0.938303 0.166235 0.303239 -26.023417 -0.174583 0.984642 0.000429 93.489273 -0.298511 -0.053343 0.952914 -2.982955 0.000000 0.000000 0.000000 1.000000
0.944654 0.165457 0.283290 -23.362207 -0.164034 0.986031 -0.028913 95.798401 -0.284117 -0.019157 0.958598 -3.015991 0.000000 0.000000 0.000000 1.000000
0.951132 0.165480 0.260701 -20.788731 -0.157700 0.986188 -0.050636 97.479782 -0.265480 0.007049 0.964091 -2.985157 0.000000 0.000000 0.000000 1.000000
0.958821 0.154186 0.238512 -18.646551 -0.146766 0.987973 -0.048675 97.925873 -0.243149 0.011665 0.969919 -3.020077 0.000000 0.000000 0.000000 1.000000
0.966306 0.130132 0.222079 -16.850973 -0.130033 0.991394 -0.015134 97.029495 -0.222138 -0.014254 0.974911 -3.307427 0.000000 0.000000 0.000000 1.000000
0.972758 0.100536 0.208889 -15.113734 -0.111193 0.992998 0.039885 95.568718 -0.203416 -0.062025 0.977126 -3.917383 0.000000 0.000000 0.000000 1.000000
0.979421 0.075158 0.187312 -13.183977 -0.093162 0.991644 0.089235 94.631363 -0.179040 -0.104849 0.978239 -4.693531 0.000000 0.000000 0.000000 1.000000
0.987195 0.055453 0.149572 -10.974575 -0.071849 0.991709 0.106538 94.998833 -0.142424 -0.115920 0.982994 -5.398526 0.000000 0.000000 0.000000 1.000000
0.994222 0.037789 0.100471 -8.584773 -0.046413 0.995305 0.084936 96.817734 -0.096789 -0.089108 0.991308 -5.890744 0.000000 0.000000 0.000000 1.000000
0.998476 0.021165 0.050967 -6.232107 -0.023190 0.998952 0.039469 99.677406 -0.050078 -0.040591 0.997920 -6.239351 0.000000 0.000000 0.000000 1.000000
0.999941 0.007764 0.007539 -4.048536 -0.007722 0.999955 -0.005555 102.655396 -0.007582 0.005496 0.999956 -6.565659 0.000000 0.000000 0.000000 1.000000
0.999507 -0.000418 -0.031392 -2.013249 -0.000618 0.999456 -0.032969 104.862541 0.031389 0.032972 0.998963 -6.873967 0.000000 0.000000 0.000000 1.000000
0.997296 -0.008506 -0.072989 -0.089425 0.005632 0.999204 -0.039490 105.856430 0.073267 0.038972 0.996551 -7.087464 0.000000 0.000000 0.000000 1.000000
0.991901 -0.018595 -0.125641 1.725255 0.014958 0.999443 -0.029830 105.428185 0.126126 0.027709 0.991627 -7.151506 0.000000 0.000000 0.000000 1.000000
0.981068 -0.032793 -0.190866 3.401562 0.031775 0.999460 -0.008395 103.861862 0.191039 0.002171 0.981580 -7.108965 0.000000 0.000000 0.000000 1.000000
0.964670 -0.050957 -0.258488 4.834000 0.058486 0.998056 0.021514 101.688644 0.256889 -0.035872 0.965775 -7.045118 0.000000 0.000000 0.000000 1.000000
0.947154 -0.071903 -0.312616 5.865789 0.093231 0.994190 0.053800 99.588699 0.306931 -0.080102 0.948355 -6.990627 0.000000 0.000000 0.000000 1.000000
0.934400 -0.093017 -0.343867 6.418956 0.127677 0.988623 0.079516 98.319298 0.332558 -0.118204 0.935646 -6.896955 0.000000 0.000000 0.000000 1.000000
0.928165 -0.110967 -0.355242 6.486157 0.152666 0.984033 0.091498 98.204735 0.339416 -0.139159 0.930286 -6.637230 0.000000 0.000000 0.000000 1.000000
0.925982 -0.122176 -0.357255 6.087004 0.163354 0.982694 0.087337 98.983917 0.340402 -0.139232 0.929915 -6.154410 0.000000 0.000000 0.000000 1.000000
0.925320 -0.122910 -0.358715 5.316541 0.157916 0.984978 0.069860 100.071152 0.344740 -0.121290 0.930829 -5.551739 0.000000 0.000000 0.000000 1.000000
0.925200 -0.108811 -0.363545 4.372279 0.135338 0.989625 0.048228 100.667824 0.354526 -0.093822 0.930327 -4.979326 0.000000 0.000000 0.000000 1.000000
0.923154 -0.083205 -0.375319 3.391642 0.104223 0.993902 0.036013 100.326538 0.370033 -0.072363 0.926196 -4.427448 0.000000 0.000000 0.000000 1.000000
0.916832 -0.050160 -0.396109 2.392927 0.072953 0.996422 0.042678 99.249847 0.392551 -0.068026 0.917211 -3.805261 0.000000 0.000000 0.000000 1.000000
0.906085 -0.013948 -0.422867 1.285912 0.046264 0.996730 0.066253 97.748093 0.420559 -0.079595 0.903767 -3.019131 0.000000 0.000000 0.000000 1.000000
0.894244 0.021371 -0.447069 -0.071218 0.024907 0.994936 0.097380 96.443542 0.446886 -0.098217 0.889183 -1.962820 0.000000 0.000000 0.000000 1.000000
0.887253 0.052924 -0.458236 -1.775695 0.007534 0.991601 0.129114 95.900047 0.461221 -0.118009 0.879403 -0.562118 0.000000 0.000000 0.000000 1.000000
0.889740 0.078905 -0.449597 -3.799412 -0.006411 0.987010 0.160534 96.301025 0.456423 -0.139950 0.878687 1.152805 0.000000 0.000000 0.000000 1.000000
0.900587 0.102106 -0.422514 -5.919711 -0.020921 0.981075 0.192497 97.260902 0.434173 -0.164521 0.885679 3.104761 0.000000 0.000000 0.000000 1.000000
0.913300 0.127388 -0.386854 -7.929745 -0.041530 0.974005 0.222686 98.114609 0.405165 -0.187313 0.894849 5.250195 0.000000 0.000000 0.000000 1.000000
0.921690 0.155380 -0.355449 -9.748918 -0.067726 0.966659 0.246947 98.275688 0.381969 -0.203535 0.901484 7.501963 0.000000 0.000000 0.000000 1.000000
0.923885 0.186122 -0.334359 -11.403440 -0.097153 0.959205 0.265495 97.536308 0.370133 -0.212802 0.904277 9.692989 0.000000 0.000000 0.000000 1.000000
0.922018 0.215322 -0.321746 -12.897720 -0.122529 0.950643 0.285071 95.971046 0.367247 -0.223417 0.902892 11.614777 0.000000 0.000000 0.000000 1.000000
0.919946 0.235644 -0.313322 -14.072632 -0.134940 0.940690 0.311278 94.143814 0.368089 -0.244080 0.897182 12.954573 0.000000 0.000000 0.000000 1.000000
0.920582 0.241222 -0.307150 -14.561737 -0.131273 0.931816 0.338357 93.021584 0.367827 -0.271165 0.889479 13.311872 0.000000 0.000000 0.000000 1.000000
0.923070 0.235303 -0.304262 -14.266804 -0.121250 0.928724 0.350387 92.934441 0.365022 -0.286539 0.885807 12.528285 0.000000 0.000000 0.000000 1.000000
0.924966 0.223414 -0.307448 -13.317775 -0.114345 0.935080 0.335487 93.692886 0.362441 -0.275158 0.890463 10.656583 0.000000 0.000000 0.000000 1.000000
0.925201 0.207736 -0.317567 -11.988837 -0.110678 0.948189 0.297807 94.670944 0.362979 -0.240383 0.900257 7.982417 0.000000 0.000000 0.000000 1.000000
0.924145 0.188472 -0.332316 -10.563577 -0.103975 0.961087 0.255932 95.110023 0.367621 -0.201966 0.907780 4.974477 0.000000 0.000000 0.000000 1.000000
0.923272 0.159781 -0.349342 -9.000003 -0.081765 0.970294 0.227694 94.910469 0.375345 -0.181659 0.908909 1.860310 0.000000 0.000000 0.000000 1.000000
0.922198 0.124397 -0.366165 -7.288294 -0.046598 0.975696 0.214116 94.283348 0.383902 -0.180395 0.905581 -1.203812 0.000000 0.000000 0.000000 1.000000
0.920453 0.092376 -0.379780 -5.591390 -0.015381 0.979478 0.200965 93.323944 0.390551 -0.179138 0.902984 -3.939515 0.000000 0.000000 0.000000 1.000000
0.920689 0.064881 -0.384867 -4.010604 0.004114 0.984418 0.175794 92.673904 0.390275 -0.163435 0.906076 -6.183367 0.000000 0.000000 0.000000 1.000000
0.925462 0.038291 -0.376901 -2.661590 0.014978 0.990403 0.137397 93.184395 0.378545 -0.132801 0.916006 -7.982842 0.000000 0.000000 0.000000 1.000000
0.933944 0.010319 -0.357270 -1.697310 0.022867 0.995810 0.088541 95.295074 0.356687 -0.090862 0.929795 -9.578950 0.000000 0.000000 0.000000 1.000000
0.942807 -0.017958 -0.332856 -1.160508 0.029795 0.999091 0.030492 98.552956 0.332006 -0.038666 0.942485 -11.118264 0.000000 0.000000 0.000000 1.000000
0.950173 -0.046936 -0.308171 -0.940734 0.039401 0.998754 -0.030631 101.918320 0.309224 0.016963 0.950838 -12.566490 0.000000 0.000000 0.000000 1.000000
0.956509 -0.075394 -0.281791 -0.837496 0.054557 0.995213 -0.081086 104.268356 0.286556 0.062186 0.956043 -13.800425 0.000000 0.000000 0.000000 1.000000
0.963169 -0.101935 -0.248828 -0.704368 0.076502 0.991000 -0.109848 105.217323 0.257786 0.086766 0.962298 -14.742278 0.000000 0.000000 0.000000 1.000000
0.971101 -0.121432 -0.205469 -0.506054 0.098379 0.988014 -0.118953 104.833893 0.217451 0.095301 0.971408 -15.502995 0.000000 0.000000 0.000000 1.000000
0.980525 -0.124259 -0.152088 -0.318633 0.106411 0.987010 -0.120370 103.578339 0.165069 0.101842 0.981010 -16.274818 0.000000 0.000000 0.000000 1.000000
0.989959 -0.106106 -0.093391 -0.248853 0.094120 0.987741 -0.124537 101.968697 0.105460 0.114497 0.987810 -17.194107 0.000000 0.000000 0.000000 1.000000
0.996735 -0.072706 -0.035105 -0.347543 0.067406 0.988705 -0.133858 100.616081 0.044441 0.131055 0.990379 -18.135563 0.000000 0.000000 0.000000 1.000000
0.999142 -0.036427 0.019720 -0.562655 0.038914 0.988599 -0.145457 100.161377 -0.014196 0.146099 0.989168 -18.738583 0.000000 0.000000 0.000000 1.000000
0.997570 -0.008067 0.069209 -0.728373 0.018833 0.987521 -0.156358 100.790649 -0.067084 0.157281 0.985273 -18.713017 0.000000 0.000000 0.000000 1.000000
0.994098 0.011507 0.107873 -0.645250 0.006346 0.986488 -0.163713 102.003342 -0.108299 0.163431 0.980592 -18.033361 0.000000 0.000000 0.000000 1.000000
0.991328 0.027884 0.128419 -0.208096 -0.006693 0.986674 -0.162569 102.925507 -0.131241 0.160300 0.978305 -16.906328 0.000000 0.000000 0.000000 1.000000
0.990308 0.045210 0.131321 0.507140 -0.025674 0.988830 -0.146820 102.859367 -0.136492 0.142026 0.980407 -15.586351 0.000000 0.000000 0.000000 1.000000
0.989637 0.060900 0.130037 1.365355 -0.046079 0.992401 -0.114093 101.643166 -0.135997 0.106918 0.984923 -14.257852 0.000000 0.000000 0.000000 1.000000
0.987603 0.068764 0.141110 2.234656 -0.059300 0.995768 -0.070214 99.554657 -0.145341 0.060975 0.987501 -12.958019 0.000000 0.000000 0.000000 1.000000
0.983707 0.064262 0.167902 3.052387 -0.060889 0.997827 -0.025168 97.314293 -0.169154 0.014535 0.985482 -11.581377 0.000000 0.000000 0.000000 1.000000
0.979177 0.047551 0.197362 3.994693 -0.051731 0.998532 0.016078 95.724693 -0.196308 -0.025954 0.980199 -9.994637 0.000000 0.000000 0.000000 1.000000
0.976763 0.023582 0.213023 5.265956 -0.036058 0.997842 0.054874 95.206711 -0.211269 -0.061280 0.975505 -8.155201 0.000000 0.000000 0.000000 1.000000
0.977866 -0.003011 0.209210 6.852426 -0.016576 0.995639 0.091808 95.759521 -0.208574 -0.093244 0.973551 -6.083248 0.000000 0.000000 0.000000 1.000000
0.980556 -0.028411 0.194170 8.590428 0.004282 0.992327 0.123570 97.023956 -0.196190 -0.120336 0.973154 -3.784070 0.000000 0.000000 0.000000 1.000000
0.982128 -0.054451 0.180168 10.254025 0.027615 0.988566 0.148239 98.407372 -0.186180 -0.140614 0.972402 -1.283037 0.000000 0.000000 0.000000 1.000000
0.980805 -0.089465 0.173258 11.739673 0.059774 0.983703 0.169576 99.209999 -0.185605 -0.155964 0.970168 1.364099 0.000000 0.000000 0.000000 1.000000
0.975663 -0.135118 0.172699 13.107969 0.100871 0.975872 0.193646 98.981499 -0.194697 -0.171513 0.965752 3.990585 0.000000 0.000000 0.000000 1.000000
0.967608 -0.181643 0.175330 14.416577 0.140773 0.964705 0.222546 97.688805 -0.209566 -0.190656 0.959027 6.355996 0.000000 0.000000 0.000000 1.000000
0.959965 -0.215940 0.178432 15.580304 0.167532 0.953087 0.252108 95.712181 -0.224502 -0.212122 0.951106 8.239504 0.000000 0.000000 0.000000 1.000000
0.956636 -0.229857 0.178921 16.291821 0.176028 0.945593 0.273620 93.884521 -0.232080 -0.230259 0.945050 9.387952 0.000000 0.000000 0.000000 1.000000
0.958467 -0.227601 0.171871 16.311296 0.174588 0.944740 0.277461 92.925552 -0.225524 -0.235931 0.945239 9.551755 0.000000 0.000000 0.000000 1.000000
0.963642 -0.218768 0.153413 15.640252 0.174510 0.950076 0.258654 93.133980 -0.202339 -0.222478 0.953710 8.579470 0.000000 0.000000 0.000000 1.000000
0.969932 -0.207918 0.126498 14.441678 0.176647 0.958970 0.221750 94.302895 -0.167414 -0.192737 0.966864 6.523488 0.000000 0.000000 0.000000 1.000000
0.975157 -0.197076 0.101146 13.077182 0.176782 0.967510 0.180755 95.539459 -0.133482 -0.158383 0.978313 3.807452 0.000000 0.000000 0.000000 1.000000
0.978498 -0.186193 0.088730 11.712864 0.171440 0.973399 0.151995 96.004868 -0.114670 -0.133515 0.984390 0.976363 0.000000 0.000000 0.000000 1.000000
0.980280 -0.173516 0.094573 10.215450 0.159072 0.976806 0.143340 95.512070 -0.117251 -0.125469 0.985144 -1.602041 0.000000 0.000000 0.000000 1.000000
0.980764 -0.157523 0.115273 8.453762 0.139529 0.978740 0.150330 94.553429 -0.136502 -0.131354 0.981893 -3.783098 0.000000 0.000000 0.000000 1.000000
0.980304 -0.138700 0.140590 6.465636 0.115383 0.979979 0.162259 93.978058 -0.160281 -0.142841 0.976681 -5.490829 0.000000 0.000000 0.000000 1.000000
0.980861 -0.112543 0.158891 4.412915 0.085231 0.981870 0.169313 94.597115 -0.175065 -0.152530 0.972670 -6.781532 0.000000 0.000000 0.000000 1.000000
0.983428 -0.077398 0.163949 2.492800 0.049889 0.984912 0.165709 96.488113 -0.174301 -0.154783 0.972451 -7.775541 0.000000 0.000000 0.000000 1.000000
0.987149 -0.037046 0.155451 0.814642 0.013308 0.988437 0.151049 99.051834 -0.159249 -0.147039 0.976227 -8.638792 0.000000 0.000000 0.000000 1.000000
0.990877 0.002920 0.134735 -0.581160 -0.020756 0.991143 0.131170 101.547050 -0.133158 -0.132770 0.982161 -9.534867 0.000000 0.000000 0.000000 1.000000
0.994045 0.039122 0.101704 -1.704033 -0.050813 0.992062 0.115031 103.282478 -0.096396 -0.119513 0.988142 -10.468787 0.000000 0.000000 0.000000 1.000000
0.995614 0.074204 0.056982 -2.642881 -0.080030 0.990935 0.107902 103.790428 -0.048459 -0.111989 0.992527 -11.350137 0.000000 0.000000 0.000000 1.000000
0.994093 0.108332 0.006603 -3.550384 -0.108409 0.988212 0.108099 103.096832 0.005186 -0.108176 0.994118 -12.075155 0.000000 0.000000 0.000000 1.000000
0.989773 0.137994 -0.036153 -4.603641 -0.133327 0.985001 0.109534 101.551971 0.050725 -0.103594 0.993325 -12.634588 0.000000 0.000000 0.000000 1.000000
0.985783 0.156340 -0.061554 -5.764452 -0.149297 0.983097 0.105976 99.857475 0.077082 -0.095280 0.992462 -13.041422 0.000000 0.000000 0.000000 1.000000
0.984150 0.159607 -0.077297 -6.738583 -0.152075 0.983780 0.095132 98.793663 0.091227 -0.081869 0.992459 -13.194334 0.000000 0.000000 0.000000 1.000000
0.981824 0.158925 -0.103751 -7.252110 -0.151087 0.985317 0.079518 98.791924 0.114865 -0.062397 0.991420 -13.036111 0.000000 0.000000 0.000000 1.000000
0.974763 0.164879 -0.150504 -7.316618 -0.156954 0.985583 0.063183 99.754120 0.158752 -0.037966 0.986588 -12.656567 0.000000 0.000000 0.000000 1.000000
0.962918 0.177598 -0.203094 -7.117808 -0.171148 0.984024 0.049040 101.012131 0.208559 -0.012463 0.977930 -12.232186 0.000000 0.000000 0.000000 1.000000
0.952416 0.190403 -0.238015 -6.805320 -0.186634 0.981675 0.038486 101.690559 0.240982 0.007767 0.970499 -11.882052 0.000000 0.000000 0.000000 1.000000
0.947645 0.200154 -0.248811 -6.382236 -0.198163 0.979604 0.033291 101.390274 0.250399 0.017757 0.967980 -11.602877 0.000000 0.000000 0.000000 1.000000
0.946123 0.203463 -0.251902 -5.839664 -0.200858 0.978948 0.036298 100.018066 0.253984 0.016254 0.967072 -11.302700 0.000000 0.000000 0.000000 1.000000
0.942773 0.196280 -0.269542 -5.158351 -0.190470 0.980528 0.047814 97.721359 0.273678 0.006262 0.961801 -10.972943 0.000000 0.000000 0.000000 1.000000
0.934555 0.178851 -0.307603 -4.188911 -0.167859 0.983856 0.062061 95.258545 0.313737 -0.006366 0.949489 -10.702140 0.000000 0.000000 0.000000 1.000000
0.924409 0.152490 -0.349591 -2.754365 -0.136715 0.988168 0.069526 93.798615 0.356057 -0.016476 0.934319 -10.559755 0.000000 0.000000 0.000000 1.000000
0.921006 0.114221 -0.372426 -0.861535 -0.097645 0.993216 0.063139 94.007011 0.377111 -0.021785 0.925912 -10.524941 0.000000 0.000000 0.000000 1.000000
0.929016 0.061173 -0.364949 1.304286 -0.049220 0.997906 0.041975 95.621460 0.366752 -0.021033 0.930081 -10.522574 0.000000 0.000000 0.000000 1.000000
0.943522 -0.005443 -0.331265 3.521959 0.009420 0.999902 0.010401 97.820068 0.331176 -0.012934 0.943480 -10.460735 0.000000 0.000000 0.000000 1.000000
0.956298 -0.079089 -0.281493 5.638768 0.075194 0.996865 -0.024629 99.657303 0.282558 0.002386 0.959247 -10.253967 0.000000 0.000000 0.000000 1.000000
0.962954 -0.150437 -0.223802 7.626226 0.142060 0.988429 -0.053168 100.334854 0.229211 0.019405 0.973183 -9.852985 0.000000 0.000000 0.000000 1.000000
0.962788 -0.213171 -0.166124 9.530186 0.205610 0.976690 -0.061660 99.454033 0.175396 0.025209 0.984175 -9.299408 0.000000 0.000000 0.000000 1.000000
0.957714 -0.261279 -0.120489 11.483915 0.258081 0.965223 -0.041705 97.219757 0.127196 0.008846 0.991838 -8.767223 0.000000 0.000000 0.000000 1.000000
0.950745 -0.294015 -0.098177 13.428863 0.295225 0.955425 -0.002297 94.399094 0.094476 -0.026800 0.995166 -8.490946 0.000000 0.000000 0.000000 1.000000
0.945165 -0.309956 -0.102909 15.014169 0.314567 0.948706 0.031684 92.017624 0.087810 -0.062318 0.994186 -8.563218 0.000000 0.000000 0.000000 1.000000
0.943307 -0.306121 -0.128304 15.766715 0.313171 0.948918 0.038446 90.964622 0.109981 -0.076448 0.990989 -8.875010 0.000000 0.000000 0.000000 1.000000
0.945046 -0.284913 -0.160351 15.345657 0.290910 0.956637 0.014752 91.673424 0.149195 -0.060589 0.986950 -9.239801 0.000000 0.000000 0.000000 1.000000
0.949502 -0.254001 -0.184200 13.883776 0.253219 0.966999 -0.028158 93.773125 0.185274 -0.019907 0.982485 -9.598326 0.000000 0.000000 0.000000 1.000000
0.955278 -0.223972 -0.193082 11.775867 0.213156 0.974108 -0.075354 96.301758 0.204960 0.030828 0.978285 -9.976027 0.000000 0.000000 0.000000 1.000000
0.961039 -0.197567 -0.193318 9.484863 0.178728 0.977658 -0.110639 98.273491 0.210858 0.071777 0.974878 -10.379828 0.000000 0.000000 0.000000 1.000000
0.965152 -0.172227 -0.197025 7.221373 0.150905 0.981402 -0.118652 99.105965 0.213796 0.084785 0.973192 -10.761756 0.000000 0.000000 0.000000 1.000000
0.966872 -0.147079 -0.208631 4.959572 0.129717 0.987022 -0.094666 98.688156 0.219847 0.064467 0.973402 -11.113518 0.000000 0.000000 0.000000 1.000000
0.967643 -0.121991 -0.220875 2.665671 0.113371 0.992225 -0.051339 97.367554 0.225420 0.024637 0.973950 -11.467815 0.000000 0.000000 0.000000 1.000000
0.970203 -0.096272 -0.222345 0.449561 0.096312 0.995294 -0.010689 95.924255 0.222327 -0.011044 0.974910 -11.835356 0.000000 0.000000 0.000000 1.000000
0.975311 -0.071764 -0.208849 -1.546367 0.075830 0.997054 0.011516 95.272682 0.207408 -0.027069 0.977880 -12.162874 0.000000 0.000000 0.000000 1.000000
0.980832 -0.051231 -0.187998 -3.162434 0.054658 0.998419 0.013087 96.021652 0.187030 -0.023112 0.982082 -12.413428 0.000000 0.000000 0.000000 1.000000
0.984178 -0.040170 -0.172567 -4.363123 0.040783 0.999168 0.000011 98.286331 0.172423 -0.007049 0.984998 -12.608595 0.000000 0.000000 0.000000 1.000000
0.984814 -0.041428 -0.168595 -5.263322 0.038027 0.999004 -0.023355 101.472527 0.169394 0.016589 0.985409 -12.789007 0.000000 0.000000 0.000000 1.000000
0.984313 -0.047537 -0.169908 -6.067993 0.038713 0.997742 -0.054875 104.447067 0.172133 0.047437 0.983931 -12.936447 0.000000 0.000000 0.000000 1.000000
0.985152 -0.048933 -0.164562 -6.967839 0.035130 0.995696 -0.085767 106.336784 0.168050 0.078712 0.982631 -12.931737 0.000000 0.000000 0.000000 1.000000
0.988333 -0.044078 -0.145794 -7.996599 0.029384 0.994407 -0.101450 106.665367 0.149450 0.095983 0.984100 -12.656041 0.000000 0.000000 0.000000 1.000000
0.992279 -0.032655 -0.119648 -8.981094 0.021304 0.995254 -0.094946 105.785355 0.122181 0.091664 0.988266 -12.216835 0.000000 0.000000 0.000000 1.000000
0.994862 -0.014161 -0.100240 -9.781401 0.006659 0.997178 -0.074782 104.104813 0.101016 0.073730 0.992149 -11.858008 0.000000 0.000000 0.000000 1.000000
0.995378 0.004935 -0.095905 -10.409619 -0.010439 0.998321 -0.056979 102.118721 0.095462 0.057717 0.993758 -11.767696 0.000000 0.000000 0.000000 1.000000
0.994753 0.015045 -0.101190 -10.951892 -0.020304 0.998485 -0.051147 100.467972 0.100267 0.052933 0.993552 -11.929148 0.000000 0.000000 0.000000 1.000000
0.995025 0.009478 -0.099178 -11.531624 -0.015067 0.998331 -0.055758 99.684990 0.098484 0.056975 0.993506 -12.044868 0.000000 0.000000 0.000000 1.000000
0.996981 -0.012213 -0.076686 -12.254732 0.007431 0.998027 -0.062338 99.808350 0.077296 0.061580 0.995105 -11.813434 0.000000 0.000000 0.000000 1.000000
0.998405 -0.041767 -0.037980 -13.183529 0.039383 0.997330 -0.061495 100.230621 0.040447 0.059901 0.997385 -11.161805 0.000000 0.000000 0.000000 1.000000
0.997495 -0.070742 0.000267 -14.309950 0.070674 0.996359 -0.047680 100.228806 0.003107 0.047579 0.998863 -10.253577 0.000000 0.000000 0.000000 1.000000
0.995234 -0.094146 0.025417 -15.519822 0.094684 0.995289 -0.020861 99.488548 -0.023334 0.023168 0.999459 -9.240483 0.000000 0.000000 0.000000 1.000000
0.993513 -0.107964 0.035714 -16.649284 0.107543 0.994109 0.013497 98.200424 -0.036961 -0.009569 0.999271 -8.180642 0.000000 0.000000 0.000000 1.000000
0.993171 -0.111540 0.034198 -17.630472 0.109925 0.992877 0.045949 96.842255 -0.039079 -0.041876 0.998358 -7.146192 0.000000 0.000000 0.000000 1.000000
0.994212 -0.104705 0.024085 -18.611921 0.102864 0.992371 0.067964 96.021004 -0.031017 -0.065093 0.997397 -6.222421 0.000000 0.000000 0.000000 1.000000
0.996242 -0.085849 0.011497 -19.833925 0.084709 0.993391 0.077448 96.173241 -0.018070 -0.076184 0.996930 -5.478946 0.000000 0.000000 0.000000 1.000000
0.998485 -0.054780 0.005169 -21.392941 0.054207 0.995439 0.078508 97.316330 -0.009446 -0.078108 0.996900 -4.933673 0.000000 0.000000 0.000000 1.000000
0.999867 -0.013316 0.009446 -23.168636 0.012567 0.997075 0.075395 98.947029 -0.010422 -0.075267 0.997109 -4.488070 0.000000 0.000000 0.000000 1.000000
0.999313 0.031711 0.019172 -25.013838 -0.032959 0.997090 0.068744 100.492538 -0.016936 -0.069329 0.997450 -3.996886 0.000000 0.000000 0.000000 1.000000
0.997007 0.072207 0.027636 -26.933411 -0.073726 0.995554 0.058615 101.423615 -0.023281 -0.060477 0.997898 -3.431454 0.000000 0.000000 0.000000 1.000000
0.993616 0.106049 0.038485 -28.982660 -0.107861 0.992981 0.048522 101.174644 -0.033069 -0.052363 0.998080 -2.912135 0.000000 0.000000 0.000000 1.000000
0.989012 0.133642 0.063211 -31.187584 -0.136531 0.989666 0.043814 99.602715 -0.056702 -0.051963 0.997038 -2.661140 0.000000 0.000000 0.000000 1.000000
0.982664 0.152354 0.105641 -33.455116 -0.157794 0.986439 0.045157 97.207359 -0.097329 -0.061044 0.993378 -2.850120 0.000000 0.000000 0.000000 1.000000
0.974727 0.163138 0.152619 -35.261307 -0.171756 0.984111 0.045012 95.045685 -0.142851 -0.070088 0.987259 -3.379152 0.000000 0.000000 0.000000 1.000000
0.968771 0.166400 0.183830 -36.085266 -0.175494 0.983885 0.034244 94.116234 -0.175170 -0.065436 0.982361 -4.030677 0.000000 0.000000 0.000000 1.000000
0.968780 0.163099 0.186719 -35.601849 -0.168288 0.985663 0.012176 94.788910 -0.182056 -0.043218 0.982338 -4.609691 0.000000 0.000000 0.000000 1.000000
0.973624 0.157233 0.165330 -33.877975 -0.156784 0.987506 -0.015848 96.677010 -0.165756 -0.010491 0.986111 -5.014186 0.000000 0.000000 0.000000 1.000000
0.979357 0.152452 0.132735 -31.415928 -0.147910 0.988044 -0.043490 98.804771 -0.137779 0.022959 0.990197 -5.292842 0.000000 0.000000 0.000000 1.000000
0.983731 0.149601 0.099460 -28.823936 -0.143744 0.987563 -0.063698 100.152000 -0.107753 0.048365 0.993001 -5.484502 0.000000 0.000000 0.000000 1.000000
