<?xml version="1.0" encoding="utf-8"?>
<COLLADA xmlns="http://www.collada.org/2005/11/COLLADASchema" version="1.4.1">
  <asset>
    <contributor>
      <author>Mixamo</author>
      <authoring_tool>COLLADA Mixamo exporter</authoring_tool>
      <comments/>
    </contributor>
    <created>2026-04-22T07:46:14Z</created>
    <modified>2026-04-22T07:46:14Z</modified>
    <revision/>
    <title/>
    <unit meter="0.010000"/>
    <up_axis>Y_UP</up_axis>
  </asset>
  <library_animations>
    <animation id="mixamorig_Hips-anim" name="mixamorig_Hips">
      <source id="mixamorig_Hips-Matrix-animation-input">
        <float_array id="mixamorig_Hips-Matrix-animation-input-array" count="60">

0.000000 0.033333 0.066667 0.100000 0.133333 0.166667 0.200000 0.233333 0.266667 0.300000 0.333333 0.366667 0.400000 0.433333 0.466667 0.500000
0.533333 0.566667 0.600000 0.633333 0.666667 0.700000 0.733333 0.766667 0.800000 0.833333 0.866667 0.900000 0.933333 0.966667 1.000000 1.033333
1.066667 1.100000 1.133333 1.166667 1.200000 1.233333 1.266667 1.300000 1.333333 1.366667 1.400000 1.433333 1.466667 1.500000 1.533333 1.566667
1.600000 1.633333 1.666667 1.700000 1.733333 1.766667 1.800000 1.833333 1.866667 1.900000 1.933333 1.966667</float_array>
        <technique_common>
          <accessor source="#mixamorig_Hips-Matrix-animation-input-array" count="60">
            <param name="TIME" type="float"/>
          </accessor>
        </technique_common>
      </source>
      <source id="mixamorig_Hips-Matrix-animation-output-transform">
        <float_array id="mixamorig_Hips-Matrix-animation-output-transform-array" count="960">

0.729734 0.050888 -0.681835 0.588093 0.002944 0.996983 0.077559 96.553902 0.683725 -0.058605 0.727383 -1.455622 0.000000 0.000000 0.000000 1.000000
0.729434 0.051132 -0.682137 0.600812 0.002948 0.996958 0.077882 96.563065 0.684045 -0.058821 0.727065 -1.466225 0.000000 0.000000 0.000000 1.000000
0.729221 0.051343 -0.682349 0.614791 0.002949 0.996936 0.078166 96.572701 0.684271 -0.059013 0.726836 -1.472460 0.000000 0.000000 0.000000 1.000000
0.729222 0.051693 -0.682322 0.628236 0.002787 0.996910 0.078504 96.583412 0.684271 -0.059149 0.726825 -1.471300 0.000000 0.000000 0.000000 1.000000
0.729504 0.052073 -0.681991 0.638482 0.002570 0.996882 0.078864 96.595589 0.683971 -0.059284 0.727096 -1.460142 0.000000 0.000000 0.000000 1.000000
0.730007 0.052473 -0.681422 0.643950 0.002400 0.996845 0.079333 96.608803 0.683435 -0.059549 0.727578 -1.438405 0.000000 0.000000 0.000000 1.000000
0.730576 0.052885 -0.680780 0.645141 0.002350 0.996796 0.079956 96.623383 0.682827 -0.060014 0.728111 -1.407484 0.000000 0.000000 0.000000 1.000000
0.731049 0.053309 -0.680239 0.643873 0.002372 0.996739 0.080661 96.641739 0.682321 -0.060581 0.728539 -1.369136 0.000000 0.000000 0.000000 1.000000
0.731329 0.053629 -0.679913 0.641890 0.002430 0.996692 0.081229 96.666115 0.682020 -0.061057 0.728780 -1.324230 0.000000 0.000000 0.000000 1.000000
0.731396 0.053828 -0.679825 0.641339 0.002467 0.996665 0.081569 96.695328 0.681948 -0.061336 0.728824 -1.273345 0.000000 0.000000 0.000000 1.000000
0.731279 0.053982 -0.679939 0.645239 0.002480 0.996646 0.081793 96.724220 0.682074 -0.061500 0.728692 -1.218337 0.000000 0.000000 0.000000 1.000000
0.731061 0.054219 -0.680154 0.655993 0.002497 0.996619 0.082130 96.746658 0.682307 -0.061740 0.728454 -1.162622 0.000000 0.000000 0.000000 1.000000
0.730933 0.054568 -0.680264 0.672051 0.002566 0.996571 0.082698 96.760284 0.682444 -0.062193 0.728287 -1.109318 0.000000 0.000000 0.000000 1.000000
0.731118 0.054974 -0.680033 0.687421 0.002690 0.996508 0.083450 96.769058 0.682246 -0.062841 0.728417 -1.059176 0.000000 0.000000 0.000000 1.000000
0.731653 0.055445 -0.679419 0.696031 0.002747 0.996439 0.084274 96.781128 0.681672 -0.063526 0.728895 -1.011170 0.000000 0.000000 0.000000 1.000000
0.732255 0.055903 -0.678732 0.697155 0.002681 0.996381 0.084959 96.802841 0.681025 -0.064031 0.729455 -0.964866 0.000000 0.000000 0.000000 1.000000
0.732529 0.056295 -0.678405 0.695379 0.002481 0.996347 0.085357 96.834335 0.680732 -0.064209 0.729713 -0.921290 0.000000 0.000000 0.000000 1.000000
0.732310 0.056572 -0.678617 0.695510 0.002223 0.996339 0.085457 96.869736 0.680967 -0.064090 0.729504 -0.881304 0.000000 0.000000 0.000000 1.000000
0.731812 0.056772 -0.679138 0.698532 0.001983 0.996343 0.085426 96.901909 0.681504 -0.063862 0.729023 -0.843960 0.000000 0.000000 0.000000 1.000000
0.731398 0.056960 -0.679568 0.702156 0.001806 0.996340 0.085455 96.926514 0.681949 -0.063729 0.728618 -0.806507 0.000000 0.000000 0.000000 1.000000
0.731286 0.057086 -0.679678 0.703760 0.001741 0.996332 0.085555 96.943665 0.682069 -0.063749 0.728504 -0.766020 0.000000 0.000000 0.000000 1.000000
0.731445 0.057203 -0.679497 0.702296 0.001735 0.996316 0.085742 96.956947 0.681899 -0.063895 0.728651 -0.721030 0.000000 0.000000 0.000000 1.000000
0.731725 0.057296 -0.679187 0.698291 0.001764 0.996298 0.085947 96.969864 0.681597 -0.064088 0.728916 -0.672496 0.000000 0.000000 0.000000 1.000000
0.731983 0.057300 -0.678909 0.692927 0.001852 0.996286 0.086083 96.983772 0.681320 -0.064269 0.729158 -0.623542 0.000000 0.000000 0.000000 1.000000
0.732111 0.057248 -0.678775 0.687551 0.001957 0.996281 0.086137 96.997108 0.681182 -0.064390 0.729277 -0.578532 0.000000 0.000000 0.000000 1.000000
0.732064 0.057139 -0.678835 0.683075 0.002055 0.996286 0.086076 97.007729 0.681233 -0.064408 0.729228 -0.542061 0.000000 0.000000 0.000000 1.000000
0.731851 0.057033 -0.679073 0.679359 0.002084 0.996300 0.085922 97.015137 0.681461 -0.064297 0.729025 -0.517186 0.000000 0.000000 0.000000 1.000000
0.731591 0.056890 -0.679366 0.675183 0.002065 0.996323 0.085655 97.020599 0.681740 -0.064067 0.728784 -0.504178 0.000000 0.000000 0.000000 1.000000
0.731389 0.056744 -0.679596 0.669908 0.001993 0.996350 0.085336 97.024345 0.681958 -0.063768 0.728606 -0.501267 0.000000 0.000000 0.000000 1.000000
0.731257 0.056655 -0.679745 0.664372 0.001867 0.996375 0.085055 97.023453 0.682100 -0.063466 0.728500 -0.506904 0.000000 0.000000 0.000000 1.000000
0.731174 0.056561 -0.679842 0.660197 0.001790 0.996394 0.084823 97.013329 0.682189 -0.063238 0.728437 -0.520893 0.000000 0.000000 0.000000 1.000000
0.731172 0.056503 -0.679849 0.658001 0.001766 0.996404 0.084712 96.992233 0.682191 -0.063140 0.728443 -0.543138 0.000000 0.000000 0.000000 1.000000
0.731330 0.056518 -0.679678 0.656435 0.001753 0.996401 0.084741 96.964417 0.682022 -0.063165 0.728599 -0.572465 0.000000 0.000000 0.000000 1.000000
0.731634 0.056579 -0.679346 0.653138 0.001707 0.996395 0.084823 96.938904 0.681696 -0.063219 0.728900 -0.606498 0.000000 0.000000 0.000000 1.000000
0.731936 0.056654 -0.679014 0.646783 0.001604 0.996391 0.084864 96.923714 0.681371 -0.063205 0.729204 -0.642730 0.000000 0.000000 0.000000 1.000000
0.732027 0.056504 -0.678928 0.638687 0.001564 0.996413 0.084613 96.920036 0.681274 -0.063001 0.729313 -0.680072 0.000000 0.000000 0.000000 1.000000
0.731810 0.056186 -0.679188 0.632261 0.001579 0.996453 0.084133 96.920296 0.681507 -0.062642 0.729126 -0.719365 0.000000 0.000000 0.000000 1.000000
0.731416 0.055858 -0.679640 0.629849 0.001619 0.996495 0.083642 96.913040 0.681930 -0.062278 0.728762 -0.761714 0.000000 0.000000 0.000000 1.000000
0.731128 0.055622 -0.679969 0.629874 0.001680 0.996521 0.083323 96.891479 0.682239 -0.062062 0.728491 -0.805961 0.000000 0.000000 0.000000 1.000000
0.731141 0.055472 -0.679967 0.628432 0.001757 0.996532 0.083186 96.858368 0.682224 -0.062016 0.728509 -0.848558 0.000000 0.000000 0.000000 1.000000
0.731387 0.055341 -0.679714 0.623039 0.001844 0.996538 0.083121 96.823593 0.681961 -0.062047 0.728752 -0.886452 0.000000 0.000000 0.000000 1.000000
0.731590 0.055160 -0.679510 0.614084 0.001963 0.996547 0.083009 96.796623 0.681742 -0.062062 0.728955 -0.919662 0.000000 0.000000 0.000000 1.000000
0.731519 0.054873 -0.679610 0.603677 0.002113 0.996569 0.082739 96.780106 0.681818 -0.061961 0.728893 -0.951230 0.000000 0.000000 0.000000 1.000000
0.731149 0.054542 -0.680034 0.593799 0.002265 0.996599 0.082368 96.769539 0.682214 -0.061764 0.728539 -0.985539 0.000000 0.000000 0.000000 1.000000
0.730645 0.054224 -0.680601 0.585804 0.002406 0.996631 0.081985 96.757584 0.682753 -0.061540 0.728053 -1.026060 0.000000 0.000000 0.000000 1.000000
0.730221 0.053971 -0.681076 0.580145 0.002492 0.996658 0.081650 96.739731 0.683206 -0.061320 0.727646 -1.073690 0.000000 0.000000 0.000000 1.000000
0.730004 0.053756 -0.681326 0.576075 0.002525 0.996683 0.081343 96.716202 0.683438 -0.061101 0.727447 -1.126529 0.000000 0.000000 0.000000 1.000000
0.730004 0.053524 -0.681344 0.572230 0.002541 0.996709 0.081021 96.691132 0.683438 -0.060877 0.727466 -1.180987 0.000000 0.000000 0.000000 1.000000
0.730156 0.053264 -0.681201 0.567942 0.002561 0.996737 0.080681 96.669098 0.683275 -0.060654 0.727637 -1.233404 0.000000 0.000000 0.000000 1.000000
0.730363 0.052977 -0.681002 0.564373 0.002606 0.996764 0.080336 96.652031 0.683055 -0.060449 0.727861 -1.280896 0.000000 0.000000 0.000000 1.000000
0.730502 0.052627 -0.680879 0.563751 0.002719 0.996794 0.079962 96.638290 0.682905 -0.060264 0.728018 -1.321064 0.000000 0.000000 0.000000 1.000000
0.730474 0.052249 -0.680939 0.567163 0.002875 0.996825 0.079572 96.624619 0.682935 -0.060083 0.728004 -1.352202 0.000000 0.000000 0.000000 1.000000
0.730261 0.052014 -0.681186 0.573569 0.002942 0.996849 0.079272 96.609367 0.683162 -0.059894 0.727806 -1.374152 0.000000 0.000000 0.000000 1.000000
0.729942 0.051883 -0.681537 0.580312 0.002949 0.996867 0.079047 96.593842 0.683503 -0.059709 0.727501 -1.389182 0.000000 0.000000 0.000000 1.000000
0.729649 0.051770 -0.681859 0.585162 0.002953 0.996882 0.078847 96.580193 0.683815 -0.059544 0.727221 -1.400743 0.000000 0.000000 0.000000 1.000000
0.729488 0.051643 -0.682041 0.587221 0.002957 0.996898 0.078647 96.569809 0.683987 -0.059389 0.727073 -1.411784 0.000000 0.000000 0.000000 1.000000
0.729499 0.051465 -0.682043 0.587031 0.002964 0.996918 0.078395 96.562775 0.683975 -0.059211 0.727098 -1.423655 0.000000 0.000000 0.000000 1.000000
0.729622 0.051223 -0.681930 0.586229 0.002975 0.996944 0.078067 96.558441 0.683844 -0.058988 0.727239 -1.436461 0.000000 0.000000 0.000000 1.000000
0.729715 0.050957 -0.681850 0.587023 0.002985 0.996972 0.077702 96.555389 0.683745 -0.058735 0.727353 -1.449448 0.000000 0.000000 0.000000 1.000000
0.729715 0.050831 -0.681860 0.588047 0.002989 0.996986 0.077521 96.553963 0.683745 -0.058606 0.727364 -1.455730 0.000000 0.000000 0.000000 1.000000</float_array>
        <technique_common>
          <accessor source="#mixamorig_Hips-Matrix-animation-output-transform-array" count="60" stride="16">
            <param type="float4x4"/>
          </accessor>
        </technique_common>
      </source>
      <source id="mixamorig_Hips-Interpolations">
        <Name_array id="mixamorig_Hips-Interpolations-array" count="60">
 LINEAR LINEAR LINEAR LINEAR LINEAR LINEAR LINEAR LINEAR LINEAR LINEAR LINEAR
LINEAR LINEAR LINEAR LINEAR LINEAR LINEAR LINEAR LINEAR LINEAR LINEAR LINEAR LINEAR
LINEAR LINEAR LINEAR LINEAR LINEAR LINEAR LINEAR LINEAR LINEAR LINEAR LINEAR LINEAR
LINEAR LINEAR LINEAR LINEAR LINEAR LINEAR LINEAR LINEAR LINEAR LINEAR LINEAR LINEAR
LINEAR LINEAR LINEAR LINEAR LINEAR LINEAR LINEAR LINEAR LINEAR LINEAR LINEAR LINEAR
LINEAR</Name_array>
        <technique_common>
          <accessor source="#mixamorig_Hips-Interpolations-array" count="60">
            <param type="name"/>
          </accessor>
        </technique_common>
      </source>
      <sampler id="mixamorig_Hips-Matrix-animation-transform">
        <input semantic="INPUT" source="#mixamorig_Hips-Matrix-animation-input"/>
        <input semantic="OUTPUT" source="#mixamorig_Hips-Matrix-animation-output-transform"/>
        <input semantic="INTERPOLATION" source="#mixamorig_Hips-Interpolations"/>
      </sampler>
      <channel source="#mixamorig_Hips-Matrix-animation-transform" target="mixamorig_Hips/matrix"/>
    </animation>
    <animation id="mixamorig_Spine-anim" name="mixamorig_Spine">
      <source id="mixamorig_Spine-Matrix-animation-input">
        <float_array id="mixamorig_Spine-Matrix-animation-input-array" count="60">

0.000000 0.033333 0.066667 0.100000 0.133333 0.166667 0.200000 0.233333 0.266667 0.300000 0.333333 0.366667 0.400000 0.433333 0.466667 0.500000
0.533333 0.566667 0.600000 0.633333 0.666667 0.700000 0.733333 0.766667 0.800000 0.833333 0.866667 0.900000 0.933333 0.966667 1.000000 1.033333
1.066667 1.100000 1.133333 1.166667 1.200000 1.233333 1.266667 1.300000 1.333333 1.366667 1.400000 1.433333 1.466667 1.500000 1.533333 1.566667
1.600000 1.633333 1.666667 1.700000 1.733333 1.766667 1.800000 1.833333 1.866667 1.900000 1.933333 1.966667</float_array>
        <technique_common>
          <accessor source="#mixamorig_Spine-Matrix-animation-input-array" count="60">
            <param name="TIME" type="float"/>
          </accessor>
        </technique_common>
      </source>
      <source id="mixamorig_Spine-Matrix-animation-output-transform">
        <float_array id="mixamorig_Spine-Matrix-animation-output-transform-array" count="960">

0.996549 0.016185 0.081419 -0.000000 -0.013894 0.999494 -0.028621 10.997300 -0.081841 0.027391 0.996269 -0.803100 0.000000 0.000000 0.000000 1.000000
0.996549 0.016178 0.081420 -0.000000 -0.013891 0.999495 -0.028570 10.997300 -0.081841 0.027340 0.996270 -0.803100 0.000000 0.000000 0.000000 1.000000
0.996549 0.016149 0.081424 -0.000000 -0.013872 0.999499 -0.028461 10.997300 -0.081843 0.027233 0.996273 -0.803100 0.000000 0.000000 0.000000 1.000000
0.996554 0.016080 0.081376 0.000000 -0.013818 0.999504 -0.028292 10.997300 -0.081791 0.027070 0.996282 -0.803100 0.000000 0.000000 0.000000 1.000000
0.996565 0.015972 0.081257 -0.000000 -0.013731 0.999512 -0.028061 10.997300 -0.081665 0.026848 0.996298 -0.803100 0.000000 0.000000 0.000000 1.000000
0.996589 0.015797 0.080995 0.000000 -0.013587 0.999522 -0.027774 10.997300 -0.081395 0.026579 0.996327 -0.803100 0.000000 0.000000 0.000000 1.000000
0.996614 0.015626 0.080726 0.000000 -0.013448 0.999533 -0.027451 10.997300 -0.081117 0.026272 0.996358 -0.803100 0.000000 0.000000 0.000000 1.000000
0.996629 0.015476 0.080570 -0.000000 -0.013332 0.999544 -0.027080 10.997300 -0.080953 0.025914 0.996381 -0.803100 0.000000 0.000000 0.000000 1.000000
0.996634 0.015343 0.080535 -0.000000 -0.013235 0.999557 -0.026651 10.997300 -0.080908 0.025496 0.996395 -0.803100 0.000000 0.000000 0.000000 1.000000
0.996631 0.015219 0.080591 0.000000 -0.013149 0.999571 -0.026154 10.997300 -0.080955 0.025006 0.996404 -0.803100 0.000000 0.000000 0.000000 1.000000
0.996625 0.015094 0.080692 -0.000000 -0.013064 0.999586 -0.025632 10.997300 -0.081046 0.024491 0.996409 -0.803100 0.000000 0.000000 0.000000 1.000000
0.996618 0.014962 0.080805 -0.000000 -0.012968 0.999600 -0.025141 10.997300 -0.081149 0.024008 0.996413 -0.803100 0.000000 0.000000 0.000000 1.000000
0.996614 0.014812 0.080873 0.000000 -0.012852 0.999612 -0.024702 10.997300 -0.081208 0.023579 0.996418 -0.803100 0.000000 0.000000 0.000000 1.000000
0.996620 0.014642 0.080830 0.000000 -0.012716 0.999624 -0.024293 10.997300 -0.081155 0.023183 0.996432 -0.803100 0.000000 0.000000 0.000000 1.000000
0.996637 0.014446 0.080662 -0.000000 -0.012557 0.999636 -0.023874 10.997300 -0.080977 0.022780 0.996456 -0.803100 0.000000 0.000000 0.000000 1.000000
0.996653 0.014242 0.080495 0.000000 -0.012393 0.999649 -0.023414 10.997300 -0.080801 0.022338 0.996480 -0.803100 0.000000 0.000000 0.000000 1.000000
0.996660 0.014044 0.080443 0.000000 -0.012237 0.999662 -0.022923 10.997300 -0.080738 0.021862 0.996496 -0.803100 0.000000 0.000000 0.000000 1.000000
0.996657 0.013881 0.080515 -0.000000 -0.012111 0.999675 -0.022433 10.997300 -0.080800 0.021383 0.996501 -0.803100 0.000000 0.000000 0.000000 1.000000
0.996649 0.013747 0.080628 -0.000000 -0.012011 0.999686 -0.021976 10.997300 -0.080905 0.020934 0.996502 -0.803100 0.000000 0.000000 0.000000 1.000000
0.996646 0.013622 0.080697 0.000000 -0.011916 0.999696 -0.021580 10.997300 -0.080966 0.020546 0.996505 -0.803100 0.000000 0.000000 0.000000 1.000000
0.996648 0.013501 0.080684 0.000000 -0.011824 0.999705 -0.021223 10.997300 -0.080947 0.020197 0.996514 -0.803100 0.000000 0.000000 0.000000 1.000000
0.996655 0.013394 0.080621 0.000000 -0.011746 0.999713 -0.020885 10.997300 -0.080878 0.019868 0.996526 -0.803100 0.000000 0.000000 0.000000 1.000000
0.996661 0.013304 0.080563 0.000000 -0.011683 0.999720 -0.020553 10.997300 -0.080814 0.019543 0.996538 -0.803100 0.000000 0.000000 0.000000 1.000000
0.996663 0.013233 0.080543 -0.000000 -0.011637 0.999727 -0.020247 10.997300 -0.080789 0.019242 0.996545 -0.803100 0.000000 0.000000 0.000000 1.000000
0.996663 0.013180 0.080554 -0.000000 -0.011604 0.999733 -0.019995 10.997300 -0.080796 0.018993 0.996550 -0.803100 0.000000 0.000000 0.000000 1.000000
0.996661 0.013154 0.080589 0.000000 -0.011592 0.999736 -0.019825 10.997300 -0.080829 0.018825 0.996550 -0.803100 0.000000 0.000000 0.000000 1.000000
0.996657 0.013167 0.080633 -0.000000 -0.011608 0.999737 -0.019773 10.997300 -0.080872 0.018771 0.996548 -0.803100 0.000000 0.000000 0.000000 1.000000
0.996653 0.013225 0.080674 -0.000000 -0.011658 0.999735 -0.019862 10.997300 -0.080916 0.018855 0.996543 -0.803100 0.000000 0.000000 0.000000 1.000000
0.996649 0.013309 0.080712 0.000000 -0.011725 0.999730 -0.020067 10.997300 -0.080957 0.019053 0.996535 -0.803100 0.000000 0.000000 0.000000 1.000000
0.996644 0.013404 0.080752 0.000000 -0.011799 0.999724 -0.020323 10.997300 -0.081002 0.019302 0.996527 -0.803100 0.000000 0.000000 0.000000 1.000000
0.996640 0.013499 0.080790 0.000000 -0.011871 0.999717 -0.020605 10.997300 -0.081045 0.019576 0.996518 -0.803100 0.000000 0.000000 0.000000 1.000000
0.996638 0.013590 0.080798 0.000000 -0.011934 0.999709 -0.020945 10.997300 -0.081059 0.019910 0.996510 -0.803100 0.000000 0.000000 0.000000 1.000000
0.996640 0.013676 0.080762 -0.000000 -0.011987 0.999700 -0.021365 10.997300 -0.081030 0.020325 0.996504 -0.803100 0.000000 0.000000 0.000000 1.000000
0.996643 0.013759 0.080704 -0.000000 -0.012036 0.999690 -0.021803 10.997300 -0.080979 0.020759 0.996500 -0.803100 0.000000 0.000000 0.000000 1.000000
0.996645 0.013848 0.080669 0.000000 -0.012093 0.999680 -0.022201 10.997300 -0.080951 0.021151 0.996494 -0.803100 0.000000 0.000000 0.000000 1.000000
0.996641 0.013957 0.080696 0.000000 -0.012174 0.999672 -0.022542 10.997300 -0.080984 0.021484 0.996484 -0.803100 0.000000 0.000000 0.000000 1.000000
0.996633 0.014081 0.080770 0.000000 -0.012271 0.999663 -0.022862 10.997300 -0.081065 0.021794 0.996471 -0.803100 0.000000 0.000000 0.000000 1.000000
0.996626 0.014210 0.080840 0.000000 -0.012372 0.999654 -0.023197 10.997300 -0.081141 0.022118 0.996457 -0.803100 0.000000 0.000000 0.000000 1.000000
0.996623 0.014317 0.080857 -0.000000 -0.012448 0.999644 -0.023578 10.997300 -0.081166 0.022492 0.996447 -0.803100 0.000000 0.000000 0.000000 1.000000
0.996625 0.014385 0.080823 0.000000 -0.012484 0.999635 -0.023979 10.997300 -0.081139 0.022889 0.996440 -0.803100 0.000000 0.000000 0.000000 1.000000
0.996627 0.014466 0.080774 0.000000 -0.012536 0.999625 -0.024346 10.997300 -0.081096 0.023251 0.996435 -0.803100 0.000000 0.000000 0.000000 1.000000
0.996627 0.014573 0.080761 0.000000 -0.012619 0.999616 -0.024651 10.997300 -0.081089 0.023549 0.996429 -0.803100 0.000000 0.000000 0.000000 1.000000
0.996621 0.014701 0.080810 0.000000 -0.012725 0.999609 -0.024914 10.997300 -0.081144 0.023802 0.996418 -0.803100 0.000000 0.000000 0.000000 1.000000
0.996611 0.014843 0.080909 -0.000000 -0.012843 0.999600 -0.025179 10.997300 -0.081250 0.024054 0.996403 -0.803100 0.000000 0.000000 0.000000 1.000000
0.996598 0.014996 0.081036 0.000000 -0.012969 0.999591 -0.025474 10.997300 -0.081385 0.024336 0.996386 -0.803100 0.000000 0.000000 0.000000 1.000000
0.996586 0.015141 0.081158 0.000000 -0.013087 0.999582 -0.025791 10.997300 -0.081515 0.024641 0.996367 -0.803100 0.000000 0.000000 0.000000 1.000000
0.996578 0.015272 0.081240 0.000000 -0.013189 0.999572 -0.026121 10.997300 -0.081604 0.024960 0.996352 -0.803100 0.000000 0.000000 0.000000 1.000000
0.996572 0.015394 0.081280 -0.000000 -0.013283 0.999562 -0.026446 10.997300 -0.081652 0.025276 0.996340 -0.803100 0.000000 0.000000 0.000000 1.000000
0.996570 0.015504 0.081292 0.000000 -0.013368 0.999552 -0.026761 10.997300 -0.081671 0.025582 0.996331 -0.803100 0.000000 0.000000 0.000000 1.000000
0.996568 0.015607 0.081295 0.000000 -0.013446 0.999543 -0.027057 10.997300 -0.081680 0.025871 0.996323 -0.803100 0.000000 0.000000 0.000000 1.000000
0.996566 0.015700 0.081298 0.000000 -0.013517 0.999535 -0.027334 10.997300 -0.081689 0.026141 0.996315 -0.803100 0.000000 0.000000 0.000000 1.000000
0.996564 0.015783 0.081313 -0.000000 -0.013579 0.999527 -0.027587 10.997300 -0.081710 0.026388 0.996307 -0.803100 0.000000 0.000000 0.000000 1.000000
0.996559 0.015838 0.081358 -0.000000 -0.013615 0.999521 -0.027810 10.997300 -0.081759 0.026606 0.996297 -0.803100 0.000000 0.000000 0.000000 1.000000
0.996554 0.015867 0.081411 0.000000 -0.013627 0.999515 -0.028000 10.997300 -0.081816 0.026794 0.996287 -0.803100 0.000000 0.000000 0.000000 1.000000
0.996551 0.015893 0.081451 0.000000 -0.013638 0.999510 -0.028168 10.997300 -0.081858 0.026960 0.996279 -0.803100 0.000000 0.000000 0.000000 1.000000
0.996549 0.015940 0.081460 0.000000 -0.013672 0.999505 -0.028320 10.997300 -0.081871 0.027109 0.996274 -0.803100 0.000000 0.000000 0.000000 1.000000
0.996549 0.015992 0.081454 0.000000 -0.013715 0.999501 -0.028448 10.997300 -0.081868 0.027233 0.996271 -0.803100 0.000000 0.000000 0.000000 1.000000
0.996549 0.016041 0.081447 -0.000000 -0.013755 0.999498 -0.028549 10.997300 -0.081864 0.027331 0.996269 -0.803100 0.000000 0.000000 0.000000 1.000000
0.996548 0.016074 0.081445 -0.000000 -0.013780 0.999495 -0.028642 10.997300 -0.081864 0.027421 0.996266 -0.803100 0.000000 0.000000 0.000000 1.000000
0.996548 0.016087 0.081445 0.000000 -0.013791 0.999493 -0.028681 10.997300 -0.081865 0.027459 0.996265 -0.803100 0.000000 0.000000 0.000000 1.000000</float_array>
        <technique_common>
          <accessor source="#mixamorig_Spine-Matrix-animation-output-transform-array" count="60" stride="16">
            <param type="float4x4"/>
          </accessor>
        </technique_common>
      </source>
      <source id="mixamorig_Spine-Interpolations">
        <Name_array id="mixamorig_Spine-Interpolations-array" count="60">
 LINEAR LINEAR LINEAR LINEAR LINEAR LINEAR LINEAR LINEAR LINEAR LINEAR LINEAR
LINEAR LINEAR LINEAR LINEAR LINEAR LINEAR LINEAR LINEAR LINEAR LINEAR LINEAR LINEAR
LINEAR LINEAR LINEAR LINEAR LINEAR LINEAR LINEAR LINEAR LINEAR LINEAR LINEAR LINEAR
LINEAR LINEAR LINEAR LINEAR LINEAR LINEAR LINEAR LINEAR LINEAR LINEAR LINEAR LINEAR
LINEAR LINEAR LINEAR LINEAR LINEAR LINEAR LINEAR LINEAR LINEAR LINEAR LINEAR LINEAR
LINEAR</Name_array>
        <technique_common>
          <accessor source="#mixamorig_Spine-Interpolations-array" count="60">
            <param type="name"/>
          </accessor>
        </technique_common>
      </source>
      <sampler id="mixamorig_Spine-Matrix-animation-transform">
        <input semantic="INPUT" source="#mixamorig_Spine-Matrix-animation-input"/>
        <input semantic="OUTPUT" source="#mixamorig_Spine-Matrix-animation-output-transform"/>
        <input semantic="INTERPOLATION" source="#mixamorig_Spine-Interpolations"/>
      </sampler>
      <channel source="#mixamorig_Spine-Matrix-animation-transform" target="mixamorig_Spine/matrix"/>
    </animation>
    <animation id="mixamorig_Spine1-anim" name="mixamorig_Spine1">
      <source id="mixamorig_Spine1-Matrix-animation-input">
        <float_array id="mixamorig_Spine1-Matrix-animation-input-array" count="60">

0.000000 0.033333 0.066667 0.100000 0.133333 0.166667 0.200000 0.233333 0.266667 0.300000 0.333333 0.366667 0.400000 0.433333 0.466667 0.500000
0.533333 0.566667 0.600000 0.633333 0.666667 0.700000 0.733333 0.766667 0.800000 0.833333 0.866667 0.900000 0.933333 0.966667 1.000000 1.033333
1.066667 1.100000 1.133333 1.166667 1.200000 1.233333 1.266667 1.300000 1.333333 1.366667 1.400000 1.433333 1.466667 1.500000 1.533333 1.566667
1.600000 1.633333 1.666667 1.700000 1.733333 1.766667 1.800000 1.833333 1.866667 1.900000 1.933333 1.966667</float_array>
        <technique_common>
          <accessor source="#mixamorig_Spine1-Matrix-animation-input-array" count="60">
            <param name="TIME" type="float"/>
          </accessor>
        </technique_common>
      </source>
      <source id="mixamorig_Spine1-Matrix-animation-output-transform">
        <float_array id="mixamorig_Spine1-Matrix-animation-output-transform-array" count="960">

0.986184 0.041524 0.160365 0.000000 -0.008454 0.979428 -0.201618 12.864400 -0.165438 0.197477 0.966247 0.000000 0.000000 0.000000 0.000000 1.000000
0.986184 0.041494 0.160371 -0.000000 -0.008441 0.979449 -0.201516 12.864400 -0.165437 0.197378 0.966267 0.000000 0.000000 0.000000 0.000000 1.000000
0.986185 0.041425 0.160383 0.000000 -0.008406 0.979493 -0.201301 12.864400 -0.165433 0.197172 0.966310 0.000000 0.000000 0.000000 0.000000 1.000000
0.986204 0.041288 0.160303 -0.000000 -0.008343 0.979562 -0.200969 12.864400 -0.165324 0.196859 0.966392 0.000000 0.000000 0.000000 0.000000 1.000000
0.986247 0.041078 0.160090 0.000000 -0.008256 0.979656 -0.200516 12.864400 -0.165070 0.196436 0.966522 0.000000 0.000000 0.000000 0.000000 1.000000
0.986341 0.040720 0.159606 0.000000 -0.008093 0.979772 -0.199953 12.864400 -0.164520 0.195930 0.966718 0.000000 0.000000 0.000000 0.000000 1.000000
0.986435 0.040358 0.159111 0.000000 -0.007941 0.979903 -0.199317 12.864400 -0.163957 0.195350 0.966931 0.000000 0.000000 0.000000 0.000000 1.000000
0.986492 0.040048 0.158840 0.000000 -0.007811 0.980052 -0.198588 12.864400 -0.163624 0.194664 0.967126 -0.000000 0.000000 0.000000 0.000000 1.000000
0.986508 0.039782 0.158808 0.000000 -0.007695 0.980223 -0.197746 12.864400 -0.163534 0.193856 0.967304 -0.000000 0.000000 0.000000 0.000000 1.000000
0.986494 0.039547 0.158953 0.000000 -0.007598 0.980420 -0.196770 12.864400 -0.163622 0.192905 0.967479 0.000000 0.000000 0.000000 0.000000 1.000000
0.986465 0.039320 0.159187 -0.000000 -0.007500 0.980626 -0.195745 12.864400 -0.163800 0.191902 0.967648 0.000000 0.000000 0.000000 0.000000 1.000000
0.986433 0.039083 0.159443 0.000000 -0.007377 0.980819 -0.194782 12.864400 -0.163997 0.190963 0.967801 0.000000 0.000000 0.000000 0.000000 1.000000
0.986418 0.038804 0.159607 -0.000000 -0.007213 0.980991 -0.193917 12.864400 -0.164098 0.190132 0.967947 0.000000 0.000000 0.000000 0.000000 1.000000
0.986440 0.038462 0.159554 -0.000000 -0.007020 0.981152 -0.193110 12.864400 -0.163974 0.189371 0.968117 0.000000 0.000000 0.000000 0.000000 1.000000
0.986502 0.038059 0.159265 -0.000000 -0.006816 0.981316 -0.192282 12.864400 -0.163607 0.188601 0.968330 -0.000000 0.000000 0.000000 0.000000 1.000000
0.986563 0.037650 0.158981 -0.000000 -0.006617 0.981494 -0.191378 12.864400 -0.163245 0.187754 0.968555 0.000000 0.000000 0.000000 0.000000 1.000000
0.986587 0.037278 0.158923 0.000000 -0.006421 0.981683 -0.190412 12.864400 -0.163110 0.186837 0.968755 -0.000000 0.000000 0.000000 0.000000 1.000000
0.986569 0.036989 0.159101 0.000000 -0.006261 0.981871 -0.189448 12.864400 -0.163224 0.185908 0.968915 -0.000000 0.000000 0.000000 0.000000 1.000000
0.986537 0.036760 0.159355 0.000000 -0.006136 0.982045 -0.188549 12.864400 -0.163425 0.185033 0.969049 0.000000 0.000000 0.000000 0.000000 1.000000
0.986518 0.036541 0.159518 0.000000 -0.006018 0.982194 -0.187771 12.864400 -0.163539 0.184280 0.969173 0.000000 0.000000 0.000000 0.000000 1.000000
0.986527 0.036314 0.159520 -0.000000 -0.005911 0.982329 -0.187069 12.864400 -0.163495 0.183605 0.969308 -0.000000 0.000000 0.000000 0.000000 1.000000
0.986550 0.036110 0.159422 0.000000 -0.005838 0.982456 -0.186405 12.864400 -0.163356 0.182967 0.969452 0.000000 0.000000 0.000000 0.000000 1.000000
0.986570 0.035940 0.159333 0.000000 -0.005794 0.982579 -0.185756 12.864400 -0.163234 0.182339 0.969591 -0.000000 0.000000 0.000000 0.000000 1.000000
0.986578 0.035807 0.159318 0.000000 -0.005766 0.982692 -0.185157 12.864400 -0.163191 0.181753 0.969709 0.000000 0.000000 0.000000 0.000000 1.000000
0.986575 0.035712 0.159357 0.000000 -0.005747 0.982785 -0.184662 12.864400 -0.163208 0.181267 0.969797 0.000000 0.000000 0.000000 0.000000 1.000000
0.986563 0.035672 0.159438 0.000000 -0.005748 0.982848 -0.184330 12.864400 -0.163279 0.180936 0.969846 0.000000 0.000000 0.000000 0.000000 1.000000
0.986547 0.035714 0.159527 -0.000000 -0.005791 0.982866 -0.184230 12.864400 -0.163374 0.180828 0.969851 -0.000000 0.000000 0.000000 0.000000 1.000000
0.986530 0.035850 0.159601 0.000000 -0.005882 0.982832 -0.184410 12.864400 -0.163472 0.180988 0.969804 0.000000 0.000000 0.000000 0.000000 1.000000
0.986514 0.036045 0.159661 0.000000 -0.005996 0.982755 -0.184818 12.864400 -0.163570 0.181368 0.969717 -0.000000 0.000000 0.000000 0.000000 1.000000
0.986495 0.036266 0.159724 -0.000000 -0.006118 0.982658 -0.185328 12.864400 -0.163676 0.181848 0.969609 0.000000 0.000000 0.000000 0.000000 1.000000
0.986478 0.036478 0.159780 0.000000 -0.006225 0.982552 -0.185885 12.864400 -0.163773 0.182377 0.969493 -0.000000 0.000000 0.000000 0.000000 1.000000
0.986473 0.036670 0.159771 0.000000 -0.006305 0.982424 -0.186554 12.864400 -0.163804 0.183023 0.969366 0.000000 0.000000 0.000000 0.000000 1.000000
0.986482 0.036847 0.159673 -0.000000 -0.006360 0.982267 -0.187381 12.864400 -0.163746 0.183833 0.969223 -0.000000 0.000000 0.000000 0.000000 1.000000
0.986498 0.037016 0.159533 0.000000 -0.006409 0.982102 -0.188242 12.864400 -0.163646 0.184678 0.969079 0.000000 0.000000 0.000000 0.000000 1.000000
0.986506 0.037199 0.159445 -0.000000 -0.006476 0.981951 -0.189024 12.864400 -0.163598 0.185441 0.968941 0.000000 0.000000 0.000000 0.000000 1.000000
0.986493 0.037412 0.159475 0.000000 -0.006569 0.981821 -0.189695 12.864400 -0.163673 0.186085 0.968805 0.000000 0.000000 0.000000 0.000000 1.000000
0.986464 0.037656 0.159598 -0.000000 -0.006681 0.981698 -0.190325 12.864400 -0.163844 0.186682 0.968661 0.000000 0.000000 0.000000 0.000000 1.000000
0.986437 0.037904 0.159704 0.000000 -0.006797 0.981570 -0.190982 12.864400 -0.164000 0.187307 0.968515 -0.000000 0.000000 0.000000 0.000000 1.000000
0.986429 0.038104 0.159707 -0.000000 -0.006869 0.981423 -0.191731 12.864400 -0.164046 0.188032 0.968366 -0.000000 0.000000 0.000000 0.000000 1.000000
0.986439 0.038225 0.159613 0.000000 -0.006874 0.981270 -0.192515 12.864400 -0.163982 0.188807 0.968226 -0.000000 0.000000 0.000000 0.000000 1.000000
0.986454 0.038368 0.159488 -0.000000 -0.006920 0.981128 -0.193233 12.864400 -0.163892 0.189512 0.968104 0.000000 0.000000 0.000000 0.000000 1.000000
0.986455 0.038559 0.159438 0.000000 -0.007018 0.981010 -0.193832 12.864400 -0.163884 0.190088 0.967992 -0.000000 0.000000 0.000000 0.000000 1.000000
0.986434 0.038793 0.159509 0.000000 -0.007149 0.980906 -0.194349 12.864400 -0.164003 0.190573 0.967877 0.000000 0.000000 0.000000 0.000000 1.000000
0.986397 0.039057 0.159676 0.000000 -0.007290 0.980802 -0.194869 12.864400 -0.164221 0.191054 0.967745 -0.000000 0.000000 0.000000 0.000000 1.000000
0.986350 0.039347 0.159894 0.000000 -0.007437 0.980686 -0.195450 12.864400 -0.164496 0.191593 0.967591 0.000000 0.000000 0.000000 0.000000 1.000000
0.986305 0.039624 0.160104 0.000000 -0.007565 0.980560 -0.196072 12.864400 -0.164760 0.192176 0.967431 0.000000 0.000000 0.000000 0.000000 1.000000
0.986274 0.039868 0.160232 0.000000 -0.007672 0.980430 -0.196719 12.864400 -0.164939 0.192789 0.967278 0.000000 0.000000 0.000000 0.000000 1.000000
0.986257 0.040088 0.160281 0.000000 -0.007773 0.980301 -0.197356 12.864400 -0.165035 0.193398 0.967140 0.000000 0.000000 0.000000 0.000000 1.000000
0.986249 0.040285 0.160279 -0.000000 -0.007863 0.980176 -0.197972 12.864400 -0.165077 0.193989 0.967015 -0.000000 0.000000 0.000000 0.000000 1.000000
0.986245 0.040460 0.160261 0.000000 -0.007942 0.980058 -0.198552 12.864400 -0.165099 0.194548 0.966899 -0.000000 0.000000 0.000000 0.000000 1.000000
0.986241 0.040615 0.160246 0.000000 -0.008007 0.979948 -0.199091 12.864400 -0.165119 0.195069 0.966790 0.000000 0.000000 0.000000 0.000000 1.000000
0.986234 0.040751 0.160256 0.000000 -0.008056 0.979847 -0.199586 12.864400 -0.165160 0.195548 0.966687 -0.000000 0.000000 0.000000 0.000000 1.000000
0.986218 0.040853 0.160325 -0.000000 -0.008069 0.979759 -0.200020 12.864400 -0.165252 0.195970 0.966586 0.000000 0.000000 0.000000 0.000000 1.000000
0.986201 0.040916 0.160415 0.000000 -0.008050 0.979683 -0.200390 12.864400 -0.165356 0.196334 0.966494 0.000000 0.000000 0.000000 0.000000 1.000000
0.986188 0.040975 0.160479 0.000000 -0.008039 0.979616 -0.200718 12.864400 -0.165433 0.196655 0.966415 0.000000 0.000000 0.000000 0.000000 1.000000
0.986184 0.041070 0.160484 0.000000 -0.008082 0.979554 -0.201018 12.864400 -0.165459 0.196943 0.966352 -0.000000 0.000000 0.000000 0.000000 1.000000
0.986183 0.041169 0.160461 0.000000 -0.008142 0.979502 -0.201269 12.864400 -0.165458 0.197182 0.966304 0.000000 0.000000 0.000000 0.000000 1.000000
0.986183 0.041254 0.160440 0.000000 -0.008196 0.979461 -0.201468 12.864400 -0.165456 0.197370 0.966266 -0.000000 0.000000 0.000000 0.000000 1.000000
0.986183 0.041306 0.160429 -0.000000 -0.008219 0.979423 -0.201650 12.864400 -0.165458 0.197545 0.966230 0.000000 0.000000 0.000000 0.000000 1.000000
0.986182 0.041328 0.160425 0.000000 -0.008229 0.979408 -0.201725 12.864400 -0.165458 0.197617 0.966215 0.000000 0.000000 0.000000 0.000000 1.000000</float_array>
        <technique_common>
          <accessor source="#mixamorig_Spine1-Matrix-animation-output-transform-array" count="60" stride="16">
            <param type="float4x4"/>
          </accessor>
        </technique_common>
      </source>
      <source id="mixamorig_Spine1-Interpolations">
        <Name_array id="mixamorig_Spine1-Interpolations-array" count="60">
 LINEAR LINEAR LINEAR LINEAR LINEAR LINEAR LINEAR LINEAR LINEAR LINEAR LINEAR
LINEAR LINEAR LINEAR LINEAR LINEAR LINEAR LINEAR LINEAR LINEAR LINEAR LINEAR LINEAR
LINEAR LINEAR LINEAR LINEAR LINEAR LINEAR LINEAR LINEAR LINEAR LINEAR LINEAR LINEAR
LINEAR LINEAR LINEAR LINEAR LINEAR LINEAR LINEAR LINEAR LINEAR LINEAR LINEAR LINEAR
LINEAR LINEAR LINEAR LINEAR LINEAR LINEAR LINEAR LINEAR LINEAR LINEAR LINEAR LINEAR
LINEAR</Name_array>
        <technique_common>
          <accessor source="#mixamorig_Spine1-Interpolations-array" count="60">
            <param type="name"/>
          </accessor>
        </technique_common>
      </source>
      <sampler id="mixamorig_Spine1-Matrix-animation-transform">
        <input semantic="INPUT" source="#mixamorig_Spine1-Matrix-animation-input"/>
        <input semantic="OUTPUT" source="#mixamorig_Spine1-Matrix-animation-output-transform"/>
        <input semantic="INTERPOLATION" source="#mixamorig_Spine1-Interpolations"/>
      </sampler>
      <channel source="#mixamorig_Spine1-Matrix-animation-transform" target="mixamorig_Spine1/matrix"/>
    </animation>
    <animation id="mixamorig_Spine2-anim" name="mixamorig_Spine2">
      <source id="mixamorig_Spine2-Matrix-animation-input">
        <float_array id="mixamorig_Spine2-Matrix-animation-input-array" count="60">

0.000000 0.033333 0.066667 0.100000 0.133333 0.166667 0.200000 0.233333 0.266667 0.300000 0.333333 0.366667 0.400000 0.433333 0.466667 0.500000
0.533333 0.566667 0.600000 0.633333 0.666667 0.700000 0.733333 0.766667 0.800000 0.833333 0.866667 0.900000 0.933333 0.966667 1.000000 1.033333
1.066667 1.100000 1.133333 1.166667 1.200000 1.233333 1.266667 1.300000 1.333333 1.366667 1.400000 1.433333 1.466667 1.500000 1.533333 1.566667
1.600000 1.633333 1.666667 1.700000 1.733333 1.766667 1.800000 1.833333 1.866667 1.900000 1.933333 1.966667</float_array>
        <technique_common>
          <accessor source="#mixamorig_Spine2-Matrix-animation-input-array" count="60">
            <param name="TIME" type="float"/>
          </accessor>
        </technique_common>
      </source>
      <source id="mixamorig_Spine2-Matrix-animation-output-transform">
        <float_array id="mixamorig_Spine2-Matrix-animation-output-transform-array" count="960">

0.986184 0.041523 0.160365 0.000000 -0.008454 0.979428 -0.201618 14.702200 -0.165437 0.197477 0.966247 0.000000 0.000000 0.000000 0.000000 1.000000
0.986184 0.041494 0.160370 0.000000 -0.008441 0.979449 -0.201516 14.702200 -0.165436 0.197378 0.966267 -0.000000 0.000000 0.000000 0.000000 1.000000
0.986185 0.041425 0.160384 0.000000 -0.008406 0.979493 -0.201301 14.702200 -0.165434 0.197172 0.966310 -0.000000 0.000000 0.000000 0.000000 1.000000
0.986204 0.041288 0.160303 -0.000000 -0.008343 0.979562 -0.200969 14.702200 -0.165324 0.196859 0.966392 -0.000000 0.000000 0.000000 0.000000 1.000000
0.986247 0.041079 0.160090 0.000000 -0.008256 0.979656 -0.200516 14.702200 -0.165070 0.196436 0.966522 0.000000 0.000000 0.000000 0.000000 1.000000
0.986341 0.040720 0.159606 0.000000 -0.008093 0.979772 -0.199953 14.702200 -0.164520 0.195930 0.966718 0.000000 0.000000 0.000000 0.000000 1.000000
0.986435 0.040358 0.159111 -0.000000 -0.007942 0.979903 -0.199317 14.702200 -0.163958 0.195350 0.966931 -0.000000 0.000000 0.000000 0.000000 1.000000
0.986492 0.040048 0.158840 0.000000 -0.007811 0.980052 -0.198588 14.702200 -0.163624 0.194664 0.967126 0.000000 0.000000 0.000000 0.000000 1.000000
0.986508 0.039782 0.158808 0.000000 -0.007695 0.980223 -0.197746 14.702200 -0.163534 0.193856 0.967304 -0.000000 0.000000 0.000000 0.000000 1.000000
0.986494 0.039547 0.158953 0.000000 -0.007598 0.980420 -0.196770 14.702200 -0.163622 0.192905 0.967479 0.000000 0.000000 0.000000 0.000000 1.000000
0.986465 0.039320 0.159187 -0.000000 -0.007500 0.980626 -0.195745 14.702200 -0.163800 0.191902 0.967648 0.000000 0.000000 0.000000 0.000000 1.000000
0.986433 0.039083 0.159443 -0.000000 -0.007377 0.980819 -0.194782 14.702200 -0.163997 0.190963 0.967801 0.000000 0.000000 0.000000 0.000000 1.000000
0.986418 0.038803 0.159607 -0.000000 -0.007213 0.980991 -0.193917 14.702200 -0.164098 0.190132 0.967947 0.000000 0.000000 0.000000 0.000000 1.000000
0.986440 0.038462 0.159555 0.000000 -0.007020 0.981152 -0.193110 14.702200 -0.163975 0.189371 0.968117 0.000000 0.000000 0.000000 0.000000 1.000000
0.986502 0.038059 0.159265 0.000000 -0.006816 0.981316 -0.192282 14.702200 -0.163607 0.188601 0.968330 0.000000 0.000000 0.000000 0.000000 1.000000
0.986563 0.037651 0.158982 -0.000000 -0.006617 0.981494 -0.191378 14.702200 -0.163245 0.187754 0.968555 0.000000 0.000000 0.000000 0.000000 1.000000
0.986587 0.037278 0.158923 0.000000 -0.006421 0.981683 -0.190412 14.702200 -0.163110 0.186837 0.968755 0.000000 0.000000 0.000000 0.000000 1.000000
0.986569 0.036989 0.159101 0.000000 -0.006261 0.981871 -0.189448 14.702200 -0.163224 0.185908 0.968915 0.000000 0.000000 0.000000 0.000000 1.000000
0.986537 0.036760 0.159356 -0.000000 -0.006136 0.982045 -0.188549 14.702200 -0.163426 0.185033 0.969048 0.000000 0.000000 0.000000 0.000000 1.000000
0.986519 0.036541 0.159518 -0.000000 -0.006018 0.982194 -0.187771 14.702200 -0.163539 0.184280 0.969173 -0.000000 0.000000 0.000000 0.000000 1.000000
0.986527 0.036314 0.159520 0.000000 -0.005911 0.982329 -0.187069 14.702200 -0.163495 0.183605 0.969308 0.000000 0.000000 0.000000 0.000000 1.000000
0.986550 0.036110 0.159422 -0.000000 -0.005838 0.982456 -0.186405 14.702200 -0.163356 0.182967 0.969452 0.000000 0.000000 0.000000 0.000000 1.000000
0.986570 0.035940 0.159333 0.000000 -0.005794 0.982579 -0.185756 14.702200 -0.163234 0.182339 0.969591 0.000000 0.000000 0.000000 0.000000 1.000000
0.986578 0.035807 0.159318 0.000000 -0.005766 0.982692 -0.185156 14.702200 -0.163191 0.181753 0.969709 0.000000 0.000000 0.000000 0.000000 1.000000
