<?xml version="1.0" encoding="utf-8"?>
<COLLADA xmlns="http://www.collada.org/2005/11/COLLADASchema" version="1.4.1">
  <asset>
    <contributor>
      <author>Mixamo</author>
      <authoring_tool>COLLADA Mixamo exporter</authoring_tool>
      <comments/>
    </contributor>
    <created>2026-04-22T07:46:34Z</created>
    <modified>2026-04-22T07:46:34Z</modified>
    <revision/>
    <title/>
    <unit meter="0.010000"/>
    <up_axis>Y_UP</up_axis>
  </asset>
  <library_animations>
    <animation id="mixamorig_Hips-anim" name="mixamorig_Hips">
      <source id="mixamorig_Hips-Matrix-animation-input">
        <float_array id="mixamorig_Hips-Matrix-animation-input-array" count="32">

0.000000 0.033333 0.066667 0.100000 0.133333 0.166667 0.200000 0.233333 0.266667 0.300000 0.333333 0.366667 0.400000 0.433333 0.466667 0.500000
0.533333 0.566667 0.600000 0.633333 0.666667 0.700000 0.733333 0.766667 0.800000 0.833333 0.866667 0.900000 0.933333 0.966667 1.000000 1.033333</float_array>
        <technique_common>
          <accessor source="#mixamorig_Hips-Matrix-animation-input-array" count="32">
            <param name="TIME" type="float"/>
          </accessor>
        </technique_common>
      </source>
      <source id="mixamorig_Hips-Matrix-animation-output-transform">
        <float_array id="mixamorig_Hips-Matrix-animation-output-transform-array" count="512">

0.999429 -0.002876 0.033654 0.002645 0.004019 0.999416 -0.033933 102.566681 -0.033537 0.034049 0.998857 -0.484091 0.000000 0.000000 0.000000 1.000000
0.999689 -0.005698 0.024265 0.162546 0.006770 0.998994 -0.044340 103.255928 -0.023988 0.044491 0.998722 4.755763 0.000000 0.000000 0.000000 1.000000
0.999909 -0.001787 0.013372 0.396918 0.002527 0.998453 -0.055552 103.140617 -0.013252 0.055581 0.998366 9.993670 0.000000 0.000000 0.000000 1.000000
0.999738 0.021775 -0.007004 0.725785 -0.022175 0.997748 -0.063309 102.098450 0.005610 0.063447 0.997969 15.371735 0.000000 0.000000 0.000000 1.000000
0.998336 0.046491 -0.034122 1.040934 -0.048667 0.996632 -0.065999 100.409805 0.030939 0.067550 0.997236 21.047607 0.000000 0.000000 0.000000 1.000000
0.996950 0.056369 -0.053971 1.352862 -0.060031 0.995822 -0.068816 98.595375 0.049866 0.071846 0.996168 26.803040 0.000000 0.000000 0.000000 1.000000
0.996401 0.054703 -0.064757 1.708378 -0.059161 0.995858 -0.069042 97.166557 0.060712 0.072624 0.995510 32.462559 0.000000 0.000000 0.000000 1.000000
0.997327 0.041099 -0.060419 2.137065 -0.044302 0.997628 -0.052680 96.104698 0.058110 0.055216 0.996782 38.696003 0.000000 0.000000 0.000000 1.000000
0.998250 0.031801 -0.049849 2.771041 -0.033805 0.998632 -0.039882 95.646568 0.048513 0.041497 0.997960 45.565990 0.000000 0.000000 0.000000 1.000000
0.998956 0.023543 -0.039142 3.483024 -0.024660 0.999296 -0.028284 95.399498 0.038448 0.029220 0.998833 52.233807 0.000000 0.000000 0.000000 1.000000
0.999415 0.019802 -0.027902 4.145848 -0.020308 0.999632 -0.017988 95.228889 0.027536 0.018544 0.999449 58.558628 0.000000 0.000000 0.000000 1.000000
0.999750 0.016425 -0.015197 4.767345 -0.016562 0.999822 -0.008997 95.478081 0.015047 0.009246 0.999844 64.468513 0.000000 0.000000 0.000000 1.000000
0.999942 0.010506 -0.002269 5.215515 -0.010509 0.999944 -0.001280 96.114807 0.002256 0.001304 0.999997 69.933945 0.000000 0.000000 0.000000 1.000000
0.999928 0.004175 0.011269 5.359718 -0.004233 0.999978 0.005113 97.376251 -0.011247 -0.005161 0.999923 75.197975 0.000000 0.000000 0.000000 1.000000
0.999680 -0.001318 0.025246 5.234917 0.001061 0.999948 0.010168 98.863213 -0.025259 -0.010138 0.999630 80.410713 0.000000 0.000000 0.000000 1.000000
0.999196 -0.007553 0.039368 4.895353 0.007010 0.999879 0.013909 100.099754 -0.039468 -0.013621 0.999128 85.814972 0.000000 0.000000 0.000000 1.000000
0.998464 -0.013976 0.053603 4.561061 0.013246 0.999815 0.013958 101.081284 -0.053789 -0.013226 0.998465 91.412773 0.000000 0.000000 0.000000 1.000000
0.997551 -0.019281 0.067237 4.256577 0.018676 0.999779 0.009611 101.513580 -0.067408 -0.008332 0.997691 97.015221 0.000000 0.000000 0.000000 1.000000
0.996530 -0.023380 0.079879 3.925177 0.023472 0.999724 -0.000202 101.343048 -0.079852 0.002076 0.996805 102.617088 0.000000 0.000000 0.000000 1.000000
0.994403 -0.039661 0.097932 3.482271 0.041109 0.999072 -0.012816 100.747841 -0.097332 0.016770 0.995111 108.390427 0.000000 0.000000 0.000000 1.000000
0.991629 -0.053784 0.117385 3.039705 0.057269 0.998007 -0.026514 99.606346 -0.115725 0.033014 0.992732 114.264008 0.000000 0.000000 0.000000 1.000000
0.989887 -0.060056 0.128522 2.623493 0.065970 0.996926 -0.042260 98.408371 -0.125589 0.050312 0.990806 119.902931 0.000000 0.000000 0.000000 1.000000
0.989996 -0.056169 0.129434 2.081222 0.062438 0.997038 -0.044899 96.999962 -0.126529 0.052532 0.990571 125.859283 0.000000 0.000000 0.000000 1.000000
0.992320 -0.035777 0.118407 1.457245 0.039666 0.998743 -0.030645 95.909500 -0.117162 0.035107 0.992492 132.287857 0.000000 0.000000 0.000000 1.000000
0.994080 -0.022578 0.106275 0.780680 0.025505 0.999330 -0.026262 95.308701 -0.105611 0.028817 0.993990 138.800293 0.000000 0.000000 0.000000 1.000000
0.995368 -0.013221 0.095222 0.117438 0.015689 0.999559 -0.025219 95.054665 -0.094847 0.026596 0.995137 144.928436 0.000000 0.000000 0.000000 1.000000
0.996443 -0.010931 0.083556 -0.590550 0.013206 0.999555 -0.026729 95.569771 -0.083227 0.027738 0.996145 150.766144 0.000000 0.000000 0.000000 1.000000
0.997322 -0.009257 0.072548 -1.113745 0.011442 0.999492 -0.029756 96.473297 -0.072236 0.030506 0.996921 155.840759 0.000000 0.000000 0.000000 1.000000
0.998036 -0.006758 0.062274 -1.205355 0.008838 0.999410 -0.033181 97.807930 -0.062013 0.033666 0.997507 160.597549 0.000000 0.000000 0.000000 1.000000
0.998621 -0.005659 0.052186 -0.910473 0.007534 0.999330 -0.035813 99.515106 -0.051948 0.036157 0.997995 165.474030 0.000000 0.000000 0.000000 1.000000
0.999078 -0.004785 0.042671 -0.442445 0.006344 0.999315 -0.036465 101.199913 -0.042467 0.036702 0.998423 170.277313 0.000000 0.000000 0.000000 1.000000
0.999429 -0.002876 0.033654 0.002642 0.004019 0.999416 -0.033933 102.566681 -0.033537 0.034049 0.998857 175.003784 0.000000 0.000000 0.000000 1.000000</float_array>
        <technique_common>
          <accessor source="#mixamorig_Hips-Matrix-animation-output-transform-array" count="32" stride="16">
            <param type="float4x4"/>
          </accessor>
        </technique_common>
      </source>
      <source id="mixamorig_Hips-Interpolations">
        <Name_array id="mixamorig_Hips-Interpolations-array" count="32">
 LINEAR LINEAR LINEAR LINEAR LINEAR LINEAR LINEAR LINEAR LINEAR LINEAR LINEAR
LINEAR LINEAR LINEAR LINEAR LINEAR LINEAR LINEAR LINEAR LINEAR LINEAR LINEAR LINEAR
LINEAR LINEAR LINEAR LINEAR LINEAR LINEAR LINEAR LINEAR LINEAR</Name_array>
        <technique_common>
          <accessor source="#mixamorig_Hips-Interpolations-array" count="32">
            <param type="name"/>
          </accessor>
        </technique_common>
      </source>
      <sampler id="mixamorig_Hips-Matrix-animation-transform">
        <input semantic="INPUT" source="#mixamorig_Hips-Matrix-animation-input"/>
        <input semantic="OUTPUT" source="#mixamorig_Hips-Matrix-animation-output-transform"/>
        <input semantic="INTERPOLATION" source="#mixamorig_Hips-Interpolations"/>
      </sampler>
      <channel source="#mixamorig_Hips-Matrix-animation-transform" target="mixamorig_Hips/matrix"/>
    </animation>
    <animation id="mixamorig_Spine-anim" name="mixamorig_Spine">
      <source id="mixamorig_Spine-Matrix-animation-input">
        <float_array id="mixamorig_Spine-Matrix-animation-input-array" count="32">

0.000000 0.033333 0.066667 0.100000 0.133333 0.166667 0.200000 0.233333 0.266667 0.300000 0.333333 0.366667 0.400000 0.433333 0.466667 0.500000
0.533333 0.566667 0.600000 0.633333 0.666667 0.700000 0.733333 0.766667 0.800000 0.833333 0.866667 0.900000 0.933333 0.966667 1.000000 1.033333</float_array>
        <technique_common>
          <accessor source="#mixamorig_Spine-Matrix-animation-input-array" count="32">
            <param name="TIME" type="float"/>
          </accessor>
        </technique_common>
      </source>
      <source id="mixamorig_Spine-Matrix-animation-output-transform">
        <float_array id="mixamorig_Spine-Matrix-animation-output-transform-array" count="512">

0.999728 0.006509 -0.022386 0.000000 -0.007282 0.999374 -0.034615 10.997300 0.022146 0.034768 0.999150 -0.803100 0.000000 0.000000 0.000000 1.000000
0.999942 0.009205 -0.005648 0.000000 -0.009358 0.999569 -0.027816 10.997300 0.005389 0.027867 0.999597 -0.803100 0.000000 0.000000 0.000000 1.000000
0.999937 -0.001405 0.011146 0.000000 0.001630 0.999794 -0.020212 10.997300 -0.011115 0.020229 0.999734 -0.803100 0.000000 0.000000 0.000000 1.000000
0.998504 -0.041005 0.036173 0.000000 0.041415 0.999085 -0.010672 10.997300 -0.035703 0.012155 0.999289 -0.803100 0.000000 0.000000 0.000000 1.000000
0.995583 -0.074145 0.057601 0.000000 0.074194 0.997243 0.001296 10.997300 -0.057538 0.002984 0.998339 -0.803100 0.000000 0.000000 0.000000 1.000000
0.994856 -0.078787 0.063673 0.000000 0.078262 0.996875 0.010713 10.997300 -0.064318 -0.005675 0.997913 -0.803100 0.000000 0.000000 0.000000 1.000000
0.995405 -0.065772 0.069594 0.000000 0.065158 0.997814 0.011054 10.997300 -0.070169 -0.006469 0.997514 -0.803100 0.000000 0.000000 0.000000 1.000000
0.996487 -0.037694 0.074786 -0.000000 0.037575 0.999289 0.002992 10.997300 -0.074846 -0.000171 0.997195 -0.803100 0.000000 0.000000 0.000000 1.000000
0.997120 -0.015721 0.074187 0.000000 0.014975 0.999832 0.010607 10.997300 -0.074342 -0.009465 0.997188 -0.803100 0.000000 0.000000 0.000000 1.000000
0.997496 0.008355 0.070221 0.000000 -0.009262 0.999878 0.012604 10.997300 -0.070107 -0.013223 0.997452 -0.803100 0.000000 0.000000 0.000000 1.000000
0.997410 0.015911 0.070149 0.000000 -0.016539 0.999828 0.008372 10.997300 -0.070003 -0.009510 0.997501 -0.803100 0.000000 0.000000 0.000000 1.000000
0.998260 0.015128 0.056989 0.000000 -0.015321 0.999878 0.002944 10.997300 -0.056938 -0.003812 0.998370 -0.803100 0.000000 0.000000 0.000000 1.000000
0.999640 0.012819 0.023568 0.000000 -0.012736 0.999912 -0.003669 10.997300 -0.023613 0.003367 0.999716 -0.803100 0.000000 0.000000 0.000000 1.000000
0.999885 0.010701 -0.010756 0.000000 -0.010816 0.999884 -0.010686 10.997300 0.010640 0.010801 0.999885 -0.803100 0.000000 0.000000 0.000000 1.000000
0.999339 0.011277 -0.034549 0.000000 -0.011814 0.999812 -0.015381 10.997300 0.034369 0.015779 0.999285 -0.803100 0.000000 0.000000 0.000000 1.000000
0.998338 0.020080 -0.054025 -0.000000 -0.020882 0.999679 -0.014319 10.997300 0.053720 0.015424 0.998437 -0.803100 0.000000 0.000000 0.000000 1.000000
0.996883 0.028467 -0.073585 -0.000000 -0.029393 0.999501 -0.011530 10.997300 0.073220 0.013657 0.997222 -0.803100 0.000000 0.000000 0.000000 1.000000
0.995277 0.034417 -0.090766 0.000000 -0.035744 0.999276 -0.013036 10.997300 0.090252 0.016219 0.995787 -0.803100 0.000000 0.000000 0.000000 1.000000
0.993739 0.042205 -0.103452 0.000000 -0.043790 0.998955 -0.013093 10.997300 0.102791 0.017541 0.994548 -0.803100 0.000000 0.000000 0.000000 1.000000
0.990386 0.070927 -0.118762 0.000000 -0.072013 0.997392 -0.004868 10.997300 0.118107 0.013373 0.992911 -0.803100 0.000000 0.000000 0.000000 1.000000
0.987406 0.093321 -0.127755 0.000000 -0.092939 0.995631 0.008956 10.997300 0.128033 0.003030 0.991765 -0.803100 0.000000 0.000000 0.000000 1.000000
0.988027 0.092195 -0.123702 -0.000000 -0.090572 0.995715 0.018689 10.997300 0.124895 -0.007262 0.992143 -0.803100 0.000000 0.000000 0.000000 1.000000
0.990286 0.077961 -0.115132 0.000000 -0.076803 0.996941 0.014468 10.997300 0.115908 -0.005485 0.993245 -0.803100 0.000000 0.000000 0.000000 1.000000
0.993271 0.046350 -0.106135 -0.000000 -0.046606 0.998913 0.000068 10.997300 0.106023 0.004879 0.994352 -0.803100 0.000000 0.000000 0.000000 1.000000
0.993628 0.021174 -0.110706 0.000000 -0.021228 0.999774 0.000687 10.997300 0.110696 0.001667 0.993853 -0.803100 0.000000 0.000000 0.000000 1.000000
0.992308 0.012770 -0.123133 -0.000000 -0.012286 0.999914 0.004690 10.997300 0.123182 -0.003141 0.992379 -0.803100 0.000000 0.000000 0.000000 1.000000
0.993143 0.017527 -0.115588 -0.000000 -0.016816 0.999833 0.007125 10.997300 0.115694 -0.005132 0.993272 -0.803100 0.000000 0.000000 0.000000 1.000000
0.995950 0.023219 -0.086858 0.000000 -0.023347 0.999727 -0.000464 10.997300 0.086823 0.002490 0.996221 -0.803100 0.000000 0.000000 0.000000 1.000000
0.997954 0.023372 -0.059507 0.000000 -0.023959 0.999671 -0.009172 10.997300 0.059273 0.010579 0.998186 -0.803100 0.000000 0.000000 0.000000 1.000000
0.998929 0.019365 -0.042015 0.000000 -0.019941 0.999712 -0.013331 10.997300 0.041744 0.014155 0.999028 -0.803100 0.000000 0.000000 0.000000 1.000000
0.999438 0.013286 -0.030771 0.000000 -0.013921 0.999693 -0.020500 10.997300 0.030489 0.020917 0.999316 -0.803100 0.000000 0.000000 0.000000 1.000000
0.999728 0.006509 -0.022386 -0.000000 -0.007282 0.999374 -0.034615 10.997300 0.022146 0.034768 0.999150 -0.803100 0.000000 0.000000 0.000000 1.000000</float_array>
        <technique_common>
          <accessor source="#mixamorig_Spine-Matrix-animation-output-transform-array" count="32" stride="16">
            <param type="float4x4"/>
          </accessor>
        </technique_common>
      </source>
      <source id="mixamorig_Spine-Interpolations">
        <Name_array id="mixamorig_Spine-Interpolations-array" count="32">
 LINEAR LINEAR LINEAR LINEAR LINEAR LINEAR LINEAR LINEAR LINEAR LINEAR LINEAR
LINEAR LINEAR LINEAR LINEAR LINEAR LINEAR LINEAR LINEAR LINEAR LINEAR LINEAR LINEAR
LINEAR LINEAR LINEAR LINEAR LINEAR LINEAR LINEAR LINEAR LINEAR</Name_array>
        <technique_common>
          <accessor source="#mixamorig_Spine-Interpolations-array" count="32">
            <param type="name"/>
          </accessor>
        </technique_common>
      </source>
      <sampler id="mixamorig_Spine-Matrix-animation-transform">
        <input semantic="INPUT" source="#mixamorig_Spine-Matrix-animation-input"/>
        <input semantic="OUTPUT" source="#mixamorig_Spine-Matrix-animation-output-transform"/>
        <input semantic="INTERPOLATION" source="#mixamorig_Spine-Interpolations"/>
      </sampler>
      <channel source="#mixamorig_Spine-Matrix-animation-transform" target="mixamorig_Spine/matrix"/>
    </animation>
    <animation id="mixamorig_Spine1-anim" name="mixamorig_Spine1">
      <source id="mixamorig_Spine1-Matrix-animation-input">
        <float_array id="mixamorig_Spine1-Matrix-animation-input-array" count="32">

0.000000 0.033333 0.066667 0.100000 0.133333 0.166667 0.200000 0.233333 0.266667 0.300000 0.333333 0.366667 0.400000 0.433333 0.466667 0.500000
0.533333 0.566667 0.600000 0.633333 0.666667 0.700000 0.733333 0.766667 0.800000 0.833333 0.866667 0.900000 0.933333 0.966667 1.000000 1.033333</float_array>
        <technique_common>
          <accessor source="#mixamorig_Spine1-Matrix-animation-input-array" count="32">
            <param name="TIME" type="float"/>
          </accessor>
        </technique_common>
      </source>
      <source id="mixamorig_Spine1-Matrix-animation-output-transform">
        <float_array id="mixamorig_Spine1-Matrix-animation-output-transform-array" count="512">

0.998877 -0.018356 -0.043668 0.000000 0.016456 0.998918 -0.043493 12.864400 0.044419 0.042726 0.998099 -0.000000 0.000000 0.000000 0.000000 1.000000
0.999414 -0.009431 -0.032897 0.000000 0.008147 0.999209 -0.038929 12.864400 0.033238 0.038638 0.998700 0.000000 0.000000 0.000000 0.000000 1.000000
0.999764 0.002170 -0.021608 -0.000000 -0.002928 0.999379 -0.035112 12.864400 0.021518 0.035167 0.999150 0.000000 0.000000 0.000000 0.000000 1.000000
0.999771 0.018884 -0.010034 0.000000 -0.019215 0.999235 -0.034048 12.864400 0.009383 0.034233 0.999370 -0.000000 0.000000 0.000000 0.000000 1.000000
0.999523 0.030770 0.002765 0.000000 -0.030654 0.998916 -0.035028 12.864400 -0.003839 0.034926 0.999383 0.000000 0.000000 0.000000 0.000000 1.000000
0.999336 0.031879 0.017648 -0.000000 -0.031246 0.998897 -0.035048 12.864400 -0.018746 0.034473 0.999230 0.000000 0.000000 0.000000 0.000000 1.000000
0.999084 0.028468 0.031961 0.000000 -0.027332 0.998998 -0.035439 12.864400 -0.032937 0.034533 0.998861 -0.000000 0.000000 0.000000 0.000000 1.000000
0.998768 0.026001 0.042261 0.000000 -0.024443 0.999017 -0.036983 12.864400 -0.043181 0.035905 0.998422 0.000000 0.000000 0.000000 0.000000 1.000000
0.998661 0.021757 0.046929 0.000000 -0.020188 0.999230 -0.033642 12.864400 -0.047625 0.032649 0.998332 -0.000000 0.000000 0.000000 0.000000 1.000000
0.998998 0.010502 0.043517 0.000000 -0.009380 0.999620 -0.025919 12.864400 -0.043772 0.025484 0.998716 0.000000 0.000000 0.000000 0.000000 1.000000
0.999347 0.009850 0.034757 -0.000000 -0.009082 0.999712 -0.022203 12.864400 -0.034966 0.021872 0.999149 0.000000 0.000000 0.000000 0.000000 1.000000
0.999562 0.010626 0.027620 0.000000 -0.010004 0.999696 -0.022537 12.864400 -0.027851 0.022251 0.999364 0.000000 0.000000 0.000000 0.000000 1.000000
0.999796 0.008431 0.018342 -0.000000 -0.007945 0.999621 -0.026374 12.864400 -0.018558 0.026222 0.999484 0.000000 0.000000 0.000000 0.000000 1.000000
0.999977 0.006624 0.001450 0.000000 -0.006576 0.999498 -0.030992 12.864400 -0.001654 0.030982 0.999519 0.000000 0.000000 0.000000 0.000000 1.000000
0.999805 0.005805 -0.018862 0.000000 -0.006431 0.999425 -0.033277 12.864400 0.018658 0.033392 0.999268 0.000000 0.000000 0.000000 0.000000 1.000000
0.999306 0.000706 -0.037237 0.000000 -0.001984 0.999410 -0.034303 12.864400 0.037191 0.034353 0.998718 0.000000 0.000000 0.000000 0.000000 1.000000
0.998479 -0.005728 -0.054828 -0.000000 0.003779 0.999360 -0.035572 12.864400 0.054997 0.035311 0.997862 0.000000 0.000000 0.000000 0.000000 1.000000
0.997222 -0.013013 -0.073347 0.000000 0.010364 0.999284 -0.036378 12.864400 0.073768 0.035517 0.996643 0.000000 0.000000 0.000000 0.000000 1.000000
0.995594 -0.023425 -0.090794 0.000000 0.020060 0.999084 -0.037807 12.864400 0.091596 0.035819 0.995152 0.000000 0.000000 0.000000 0.000000 1.000000
0.993593 -0.038592 -0.106226 0.000000 0.034211 0.998499 -0.042760 12.864400 0.107716 0.038852 0.993422 0.000000 0.000000 0.000000 0.000000 1.000000
0.991398 -0.048449 -0.121582 0.000000 0.043027 0.997976 -0.046832 12.864400 0.123604 0.041198 0.991476 0.000000 0.000000 0.000000 0.000000 1.000000
0.989758 -0.047262 -0.134708 0.000000 0.041495 0.998111 -0.045309 12.864400 0.136595 0.039255 0.989849 -0.000000 0.000000 0.000000 0.000000 1.000000
0.988911 -0.044489 -0.141692 0.000000 0.038521 0.998263 -0.044587 12.864400 0.143429 0.038634 0.988906 0.000000 0.000000 0.000000 0.000000 1.000000
0.988725 -0.043400 -0.143317 0.000000 0.037158 0.998252 -0.045950 12.864400 0.145060 0.040106 0.988610 0.000000 0.000000 0.000000 0.000000 1.000000
0.989519 -0.037062 -0.139562 0.000000 0.031492 0.998625 -0.041907 12.864400 0.140924 0.037072 0.989326 0.000000 0.000000 0.000000 0.000000 1.000000
0.990498 -0.040169 -0.131528 0.000000 0.035019 0.998536 -0.041234 12.864400 0.132991 0.036236 0.990455 0.000000 0.000000 0.000000 0.000000 1.000000
0.991362 -0.040152 -0.124856 -0.000000 0.035384 0.998566 -0.040168 12.864400 0.126290 0.035403 0.991361 -0.000000 0.000000 0.000000 0.000000 1.000000
0.992642 -0.037638 -0.115088 0.000000 0.033128 0.998616 -0.040846 12.864400 0.116466 0.036733 0.992515 0.000000 0.000000 0.000000 0.000000 1.000000
0.994686 -0.034382 -0.097044 0.000000 0.030225 0.998575 -0.043977 12.864400 0.098418 0.040811 0.994308 0.000000 0.000000 0.000000 0.000000 1.000000
0.996778 -0.029426 -0.074622 0.000000 0.026014 0.998589 -0.046296 12.864400 0.075879 0.044206 0.996137 -0.000000 0.000000 0.000000 0.000000 1.000000
0.998163 -0.024075 -0.055589 0.000000 0.021535 0.998716 -0.045856 12.864400 0.056622 0.044575 0.997400 0.000000 0.000000 0.000000 0.000000 1.000000
0.998877 -0.018356 -0.043668 0.000000 0.016456 0.998918 -0.043493 12.864400 0.044419 0.042726 0.998099 0.000000 0.000000 0.000000 0.000000 1.000000</float_array>
        <technique_common>
          <accessor source="#mixamorig_Spine1-Matrix-animation-output-transform-array" count="32" stride="16">
            <param type="float4x4"/>
          </accessor>
        </technique_common>
      </source>
      <source id="mixamorig_Spine1-Interpolations">
        <Name_array id="mixamorig_Spine1-Interpolations-array" count="32">
 LINEAR LINEAR LINEAR LINEAR LINEAR LINEAR LINEAR LINEAR LINEAR LINEAR LINEAR
LINEAR LINEAR LINEAR LINEAR LINEAR LINEAR LINEAR LINEAR LINEAR LINEAR LINEAR LINEAR
LINEAR LINEAR LINEAR LINEAR LINEAR LINEAR LINEAR LINEAR LINEAR</Name_array>
        <technique_common>
          <accessor source="#mixamorig_Spine1-Interpolations-array" count="32">
            <param type="name"/>
          </accessor>
        </technique_common>
      </source>
      <sampler id="mixamorig_Spine1-Matrix-animation-transform">
        <input semantic="INPUT" source="#mixamorig_Spine1-Matrix-animation-input"/>
        <input semantic="OUTPUT" source="#mixamorig_Spine1-Matrix-animation-output-transform"/>
        <input semantic="INTERPOLATION" source="#mixamorig_Spine1-Interpolations"/>
      </sampler>
      <channel source="#mixamorig_Spine1-Matrix-animation-transform" target="mixamorig_Spine1/matrix"/>
    </animation>
    <animation id="mixamorig_Spine2-anim" name="mixamorig_Spine2">
      <source id="mixamorig_Spine2-Matrix-animation-input">
        <float_array id="mixamorig_Spine2-Matrix-animation-input-array" count="32">

0.000000 0.033333 0.066667 0.100000 0.133333 0.166667 0.200000 0.233333 0.266667 0.300000 0.333333 0.366667 0.400000 0.433333 0.466667 0.500000
0.533333 0.566667 0.600000 0.633333 0.666667 0.700000 0.733333 0.766667 0.800000 0.833333 0.866667 0.900000 0.933333 0.966667 1.000000 1.033333</float_array>
        <technique_common>
          <accessor source="#mixamorig_Spine2-Matrix-animation-input-array" count="32">
            <param name="TIME" type="float"/>
          </accessor>
        </technique_common>
      </source>
      <source id="mixamorig_Spine2-Matrix-animation-output-transform">
        <float_array id="mixamorig_Spine2-Matrix-animation-output-transform-array" count="512">

0.998867 -0.020320 -0.043038 0.000000 0.018467 0.998903 -0.043035 14.702200 0.043866 0.042191 0.998146 0.000000 0.000000 0.000000 0.000000 1.000000
0.999418 -0.011111 -0.032260 0.000000 0.009862 0.999205 -0.038636 14.702200 0.032664 0.038296 0.998732 0.000000 0.000000 0.000000 0.000000 1.000000
0.999776 0.000764 -0.021150 0.000000 -0.001500 0.999392 -0.034825 14.702200 0.021110 0.034849 0.999170 0.000000 0.000000 0.000000 0.000000 1.000000
0.999792 0.017783 -0.009989 0.000000 -0.018108 0.999279 -0.033385 14.702200 0.009388 0.033559 0.999393 0.000000 0.000000 0.000000 0.000000 1.000000
0.999544 0.030090 0.002454 0.000000 -0.029991 0.998981 -0.033741 14.702200 -0.003467 0.033652 0.999428 0.000000 0.000000 0.000000 0.000000 1.000000
0.999353 0.031586 0.017225 -0.000000 -0.030994 0.998953 -0.033651 14.702200 -0.018270 0.033095 0.999285 0.000000 0.000000 0.000000 0.000000 1.000000
0.999094 0.028614 0.031497 -0.000000 -0.027527 0.999029 -0.034401 14.702200 -0.032451 0.033503 0.998912 -0.000000 0.000000 0.000000 0.000000 1.000000
0.998769 0.026685 0.041814 0.000000 -0.025181 0.999031 -0.036087 14.702200 -0.042737 0.034990 0.998473 0.000000 0.000000 0.000000 0.000000 1.000000
0.998654 0.022282 0.046833 -0.000000 -0.020756 0.999246 -0.032820 14.702200 -0.047529 0.031803 0.998363 0.000000 0.000000 0.000000 0.000000 1.000000
0.998979 0.010176 0.044017 0.000000 -0.009051 0.999629 -0.025671 14.702200 -0.044262 0.025246 0.998701 0.000000 0.000000 0.000000 0.000000 1.000000
0.999329 0.009020 0.035485 0.000000 -0.008255 0.999732 -0.021638 14.702200 -0.035671 0.021331 0.999136 0.000000 0.000000 0.000000 0.000000 1.000000
0.999546 0.009878 0.028464 -0.000000 -0.009261 0.999721 -0.021706 14.702200 -0.028671 0.021433 0.999359 0.000000 0.000000 0.000000 0.000000 1.000000
0.999783 0.007997 0.019220 -0.000000 -0.007503 0.999642 -0.025672 14.702200 -0.019419 0.025523 0.999486 0.000000 0.000000 0.000000 0.000000 1.000000
0.999978 0.006175 0.002261 -0.000000 -0.006103 0.999513 -0.030606 14.702200 -0.002449 0.030592 0.999529 0.000000 0.000000 0.000000 0.000000 1.000000
0.999823 0.004968 -0.018152 0.000000 -0.005569 0.999432 -0.033223 14.702200 0.017977 0.033319 0.999283 0.000000 0.000000 0.000000 0.000000 1.000000
0.999331 -0.000618 -0.036579 0.000000 -0.000638 0.999411 -0.034322 14.702200 0.036578 0.034323 0.998741 0.000000 0.000000 0.000000 0.000000 1.000000
0.998501 -0.007583 -0.054209 0.000000 0.005668 0.999357 -0.035393 14.702200 0.054443 0.035033 0.997902 0.000000 0.000000 0.000000 0.000000 1.000000
0.997233 -0.015317 -0.072739 0.000000 0.012732 0.999275 -0.035866 14.702200 0.073236 0.034841 0.996706 0.000000 0.000000 0.000000 0.000000 1.000000
0.995594 -0.026074 -0.090072 -0.000000 0.022857 0.999070 -0.036558 14.702200 0.090942 0.034338 0.995264 0.000000 0.000000 0.000000 0.000000 1.000000
0.993575 -0.041842 -0.105154 0.000000 0.037820 0.998485 -0.039956 14.702200 0.106667 0.035722 0.993653 0.000000 0.000000 0.000000 0.000000 1.000000
0.991372 -0.052310 -0.120185 0.000000 0.047428 0.997943 -0.043128 14.702200 0.122194 0.037055 0.991814 0.000000 0.000000 0.000000 0.000000 1.000000
0.989750 -0.051129 -0.133345 0.000000 0.045863 0.998053 -0.042273 14.702200 0.135247 0.035724 0.990168 0.000000 0.000000 0.000000 0.000000 1.000000
0.988908 -0.048524 -0.140383 -0.000000 0.042992 0.998185 -0.042178 14.702200 0.142174 0.035675 0.989199 -0.000000 0.000000 0.000000 0.000000 1.000000
0.988693 -0.047866 -0.142109 0.000000 0.042081 0.998169 -0.043443 14.702200 0.143928 0.036971 0.988897 0.000000 0.000000 0.000000 0.000000 1.000000
0.989458 -0.041036 -0.138888 0.000000 0.035798 0.998558 -0.040006 14.702200 0.140329 0.034613 0.989500 0.000000 0.000000 0.000000 0.000000 1.000000
0.990404 -0.043596 -0.131147 0.000000 0.038879 0.998509 -0.038315 14.702200 0.132622 0.032849 0.990622 0.000000 0.000000 0.000000 0.000000 1.000000
0.991261 -0.043160 -0.124658 0.000000 0.038779 0.998549 -0.037359 14.702200 0.126089 0.032198 0.991496 0.000000 0.000000 0.000000 0.000000 1.000000
0.992545 -0.040588 -0.114923 0.000000 0.036356 0.998590 -0.038685 14.702200 0.116331 0.034219 0.992621 0.000000 0.000000 0.000000 0.000000 1.000000
0.994600 -0.037464 -0.096786 -0.000000 0.033480 0.998537 -0.042462 14.702200 0.098235 0.038993 0.994399 0.000000 0.000000 0.000000 0.000000 1.000000
0.996720 -0.032280 -0.074210 -0.000000 0.028956 0.998547 -0.045446 14.702200 0.075569 0.043148 0.996207 0.000000 0.000000 0.000000 0.000000 1.000000
0.998136 -0.026386 -0.055025 -0.000000 0.023897 0.998683 -0.045405 14.702200 0.056151 0.044005 0.997452 -0.000000 0.000000 0.000000 0.000000 1.000000
0.998867 -0.020320 -0.043038 0.000000 0.018467 0.998903 -0.043035 14.702200 0.043866 0.042191 0.998146 0.000000 0.000000 0.000000 0.000000 1.000000</float_array>
        <technique_common>
          <accessor source="#mixamorig_Spine2-Matrix-animation-output-transform-array" count="32" stride="16">
            <param type="float4x4"/>
          </accessor>
        </technique_common>
      </source>
      <source id="mixamorig_Spine2-Interpolations">
        <Name_array id="mixamorig_Spine2-Interpolations-array" count="32">
 LINEAR LINEAR LINEAR LINEAR LINEAR LINEAR LINEAR LINEAR LINEAR LINEAR LINEAR
LINEAR LINEAR LINEAR LINEAR LINEAR LINEAR LINEAR LINEAR LINEAR LINEAR LINEAR LINEAR
LINEAR LINEAR LINEAR LINEAR LINEAR LINEAR LINEAR LINEAR LINEAR</Name_array>
        <technique_common>
          <accessor source="#mixamorig_Spine2-Interpolations-array" count="32">
            <param type="name"/>
          </accessor>
        </technique_common>
      </source>
      <sampler id="mixamorig_Spine2-Matrix-animation-transform">
        <input semantic="INPUT" source="#mixamorig_Spine2-Matrix-animation-input"/>
        <input semantic="OUTPUT" source="#mixamorig_Spine2-Matrix-animation-output-transform"/>
        <input semantic="INTERPOLATION" source="#mixamorig_Spine2-Interpolations"/>
      </sampler>
      <channel source="#mixamorig_Spine2-Matrix-animation-transform" target="mixamorig_Spine2/matrix"/>
    </animation>
    <animation id="mixamorig_Neck-anim" name="mixamorig_Neck">
      <source id="mixamorig_Neck-Matrix-animation-input">
        <float_array id="mixamorig_Neck-Matrix-animation-input-array" count="32">

0.000000 0.033333 0.066667 0.100000 0.133333 0.166667 0.200000 0.233333 0.266667 0.300000 0.333333 0.366667 0.400000 0.433333 0.466667 0.500000
0.533333 0.566667 0.600000 0.633333 0.666667 0.700000 0.733333 0.766667 0.800000 0.833333 0.866667 0.900000 0.933333 0.966667 1.000000 1.033333</float_array>
        <technique_common>
          <accessor source="#mixamorig_Neck-Matrix-animation-input-array" count="32">
            <param name="TIME" type="float"/>
          </accessor>
        </technique_common>
      </source>
      <source id="mixamorig_Neck-Matrix-animation-output-transform">
        <float_array id="mixamorig_Neck-Matrix-animation-output-transform-array" count="512">

0.999301 0.004142 0.037153 -0.000000 -0.001739 0.997917 -0.064483 16.539900 -0.037342 0.064373 0.997227 0.000000 0.000000 0.000000 0.000000 1.000000
0.999438 0.006365 0.032913 0.000000 -0.004206 0.997860 -0.065256 16.539900 -0.033258 0.065081 0.997326 -0.000000 0.000000 0.000000 0.000000 1.000000
0.999623 0.004337 0.027098 -0.000000 -0.002604 0.997968 -0.063668 16.539900 -0.027319 0.063573 0.997603 -0.000000 0.000000 0.000000 0.000000 1.000000
0.999795 -0.005905 0.019354 0.000000 0.007093 0.998059 -0.061871 16.539900 -0.018951 0.061996 0.997896 0.000000 0.000000 0.000000 0.000000 1.000000
0.999797 -0.016764 0.011221 -0.000000 0.017434 0.997891 -0.062523 16.539900 -0.010149 0.062705 0.997980 0.000000 0.000000 0.000000 0.000000 1.000000
0.999785 -0.020307 0.004140 -0.000000 0.020526 0.997820 -0.062720 16.539900 -0.002858 0.062791 0.998023 0.000000 0.000000 0.000000 0.000000 1.000000
0.999829 -0.018360 -0.002006 0.000000 0.018206 0.998035 -0.059951 16.539900 0.003103 0.059905 0.998199 0.000000 0.000000 0.000000 0.000000 1.000000
0.999886 -0.013393 -0.006956 0.000000 0.012962 0.998197 -0.058599 16.539900 0.007728 0.058502 0.998257 0.000000 0.000000 0.000000 0.000000 1.000000
0.999964 0.001567 -0.008371 0.000000 -0.002107 0.997890 -0.064896 16.539900 0.008252 0.064911 0.997857 0.000000 0.000000 0.000000 0.000000 1.000000
0.999611 0.027461 -0.004915 0.000000 -0.027737 0.997187 -0.069639 16.539900 0.002989 0.069749 0.997560 0.000000 0.000000 0.000000 0.000000 1.000000
0.999208 0.039796 -0.000710 0.000000 -0.039749 0.996782 -0.069617 16.539900 -0.002063 0.069590 0.997574 0.000000 0.000000 0.000000 0.000000 1.000000
0.998802 0.048724 0.004591 0.000000 -0.048271 0.996257 -0.071707 16.539900 -0.008068 0.071400 0.997415 0.000000 0.000000 0.000000 0.000000 1.000000
0.998459 0.054127 0.012274 0.000000 -0.053097 0.995940 -0.072687 16.539900 -0.016159 0.071923 0.997279 0.000000 0.000000 0.000000 0.000000 1.000000
0.998561 0.049282 0.021154 -0.000000 -0.047660 0.996313 -0.071336 16.539900 -0.024592 0.070225 0.997228 0.000000 0.000000 0.000000 0.000000 1.000000
0.998819 0.038413 0.029761 0.000000 -0.036155 0.996676 -0.073009 16.539900 -0.032467 0.071847 0.996887 0.000000 0.000000 0.000000 0.000000 1.000000
0.998815 0.030143 0.038206 0.000000 -0.027059 0.996522 -0.078820 16.539900 -0.040449 0.077693 0.996156 0.000000 0.000000 0.000000 0.000000 1.000000
0.998633 0.023103 0.046880 0.000000 -0.019099 0.996271 -0.084135 16.539900 -0.048649 0.083124 0.995351 0.000000 0.000000 0.000000 0.000000 1.000000
0.998264 0.018197 0.056024 -0.000000 -0.013401 0.996305 -0.084831 16.539900 -0.057361 0.083933 0.994819 0.000000 0.000000 0.000000 0.000000 1.000000
0.997663 0.020207 0.065268 0.000000 -0.014799 0.996498 -0.082299 16.539900 -0.066703 0.081141 0.994468 0.000000 0.000000 0.000000 0.000000 1.000000
0.996765 0.029845 0.074629 0.000000 -0.023890 0.996553 -0.079447 16.539900 -0.076743 0.077407 0.994042 0.000000 0.000000 0.000000 0.000000 1.000000
0.995765 0.039117 0.083200 0.000000 -0.032670 0.996458 -0.077485 16.539900 -0.085936 0.074438 0.993516 -0.000000 0.000000 0.000000 0.000000 1.000000
0.995090 0.042326 0.089465 0.000000 -0.035754 0.996630 -0.073824 16.539900 -0.092288 0.070263 0.993250 0.000000 0.000000 0.000000 0.000000 1.000000
0.994896 0.039709 0.092767 0.000000 -0.033437 0.997110 -0.068216 16.539900 -0.095208 0.064766 0.993348 0.000000 0.000000 0.000000 0.000000 1.000000
0.995083 0.032214 0.093664 0.000000 -0.026218 0.997569 -0.064559 16.539900 -0.095516 0.061786 0.993509 0.000000 0.000000 0.000000 0.000000 1.000000
0.995793 0.009143 0.091175 0.000000 -0.002821 0.997597 -0.069227 16.539900 -0.091589 0.068679 0.993426 0.000000 0.000000 0.000000 0.000000 1.000000
0.996140 -0.002765 0.087730 -0.000000 0.009117 0.997357 -0.072089 16.539900 -0.087299 0.072611 0.993532 0.000000 0.000000 0.000000 0.000000 1.000000
0.996605 -0.014104 0.081115 -0.000000 0.020070 0.997115 -0.073209 16.539900 -0.079848 0.074589 0.994012 0.000000 0.000000 0.000000 0.000000 1.000000
0.997224 -0.023376 0.070695 0.000000 0.028357 0.997123 -0.070294 16.539900 -0.068849 0.072104 0.995018 0.000000 0.000000 0.000000 0.000000 1.000000
0.997990 -0.023150 0.058997 0.000000 0.027125 0.997352 -0.067479 16.539900 -0.057279 0.068944 0.995975 0.000000 0.000000 0.000000 0.000000 1.000000
0.998718 -0.014904 0.048378 -0.000000 0.018178 0.997523 -0.067952 16.539900 -0.047245 0.068745 0.996515 0.000000 0.000000 0.000000 0.000000 1.000000
0.999165 -0.004138 0.040648 0.000000 0.006903 0.997653 -0.068127 16.539900 -0.040271 0.068350 0.996848 0.000000 0.000000 0.000000 0.000000 1.000000
0.999301 0.004142 0.037153 0.000000 -0.001739 0.997917 -0.064483 16.539900 -0.037342 0.064373 0.997227 0.000000 0.000000 0.000000 0.000000 1.000000</float_array>
        <technique_common>
          <accessor source="#mixamorig_Neck-Matrix-animation-output-transform-array" count="32" stride="16">
            <param type="float4x4"/>
          </accessor>
        </technique_common>
      </source>
      <source id="mixamorig_Neck-Interpolations">
        <Name_array id="mixamorig_Neck-Interpolations-array" count="32">
 LINEAR LINEAR LINEAR LINEAR LINEAR LINEAR LINEAR LINEAR LINEAR LINEAR LINEAR
LINEAR LINEAR LINEAR LINEAR LINEAR LINEAR LINEAR LINEAR LINEAR LINEAR LINEAR LINEAR
LINEAR LINEAR LINEAR LINEAR LINEAR LINEAR LINEAR LINEAR LINEAR</Name_array>
        <technique_common>
          <accessor source="#mixamorig_Neck-Interpolations-array" count="32">
            <param type="name"/>
          </accessor>
        </technique_common>
      </source>
      <sampler id="mixamorig_Neck-Matrix-animation-transform">
        <input semantic="INPUT" source="#mixamorig_Neck-Matrix-animation-input"/>
        <input semantic="OUTPUT" source="#mixamorig_Neck-Matrix-animation-output-transform"/>
        <input semantic="INTERPOLATION" source="#mixamorig_Neck-Interpolations"/>
      </sampler>
      <channel source="#mixamorig_Neck-Matrix-animation-transform" target="mixamorig_Neck/matrix"/>
    </animation>
    <animation id="mixamorig_Head-anim" name="mixamorig_Head">
      <source id="mixamorig_Head-Matrix-animation-input">
        <float_array id="mixamorig_Head-Matrix-animation-input-array" count="32">

0.000000 0.033333 0.066667 0.100000 0.133333 0.166667 0.200000 0.233333 0.266667 0.300000 0.333333 0.366667 0.400000 0.433333 0.466667 0.500000
0.533333 0.566667 0.600000 0.633333 0.666667 0.700000 0.733333 0.766667 0.800000 0.833333 0.866667 0.900000 0.933333 0.966667 1.000000 1.033333</float_array>
        <technique_common>
          <accessor source="#mixamorig_Head-Matrix-animation-input-array" count="32">
            <param name="TIME" type="float"/>
          </accessor>
        </technique_common>
      </source>
      <source id="mixamorig_Head-Matrix-animation-output-transform">
        <float_array id="mixamorig_Head-Matrix-animation-output-transform-array" count="512">

0.996340 0.032647 0.078999 0.000000 -0.037096 0.997768 0.055527 6.188500 -0.077010 -0.058255 0.995327 2.321600 0.000000 0.000000 0.000000 1.000000
0.997790 0.032674 0.057860 0.000000 -0.035549 0.998148 0.049374 6.188500 -0.056139 -0.051322 0.997103 2.321600 0.000000 0.000000 0.000000 1.000000
0.998661 0.032668 0.040123 -0.000000 -0.034635 0.998181 0.049343 6.188500 -0.038438 -0.050667 0.997976 2.321600 0.000000 0.000000 0.000000 1.000000
0.998921 0.038288 0.026298 0.000000 -0.039711 0.997646 0.055908 6.188500 -0.024095 -0.056892 0.998090 2.321600 0.000000 0.000000 0.000000 1.000000
0.998903 0.041941 0.020843 0.000000 -0.043277 0.996716 0.068436 6.188500 -0.017904 -0.069263 0.997438 2.321600 0.000000 0.000000 0.000000 1.000000
0.998919 0.042160 0.019596 -0.000000 -0.043615 0.995765 0.080926 6.188500 -0.016101 -0.081693 0.996527 2.321600 0.000000 0.000000 0.000000 1.000000
0.999048 0.041890 0.012176 0.000000 -0.042852 0.994640 0.094102 6.188500 -0.008168 -0.094534 0.995488 2.321600 0.000000 0.000000 0.000000 1.000000
0.999399 0.034408 -0.004238 0.000000 -0.033784 0.994043 0.103617 6.188500 0.007778 -0.103411 0.994608 2.321600 0.000000 0.000000 0.000000 1.000000
0.999636 0.015646 -0.021967 0.000000 -0.013536 0.995563 0.093120 6.188500 0.023327 -0.092789 0.995413 2.321600 0.000000 0.000000 0.000000 1.000000
0.999404 -0.010233 -0.032954 0.000000 0.012474 0.997572 0.068516 6.188500 0.032173 -0.068886 0.997106 2.321600 0.000000 0.000000 0.000000 1.000000
0.998749 -0.034349 -0.036337 0.000000 0.036239 0.997954 0.052681 6.188500 0.034453 -0.053932 0.997950 2.321600 0.000000 0.000000 0.000000 1.000000
0.998729 -0.041869 -0.028056 0.000000 0.043394 0.997478 0.056162 6.188500 0.025634 -0.057309 0.998027 2.321600 0.000000 0.000000 0.000000 1.000000
0.999624 -0.027404 -0.000653 0.000000 0.027382 0.997165 0.070086 6.188500 -0.001269 -0.070078 0.997541 2.321600 0.000000 0.000000 0.000000 1.000000
0.999331 -0.002955 0.036440 0.000000 0.000205 0.997166 0.075234 6.188500 -0.036559 -0.075176 0.996500 2.321600 0.000000 0.000000 0.000000 1.000000
0.997433 0.015534 0.069904 0.000000 -0.020025 0.997749 0.064005 6.188500 -0.068753 -0.065241 0.995498 2.321600 0.000000 0.000000 0.000000 1.000000
0.995126 0.024515 0.095515 0.000000 -0.028951 0.998552 0.045342 6.188500 -0.094266 -0.047886 0.994395 2.321600 0.000000 0.000000 0.000000 1.000000
0.992379 0.030540 0.119375 0.000000 -0.034254 0.998987 0.029186 6.188500 -0.118363 -0.033052 0.992420 2.321600 0.000000 0.000000 0.000000 1.000000
0.989005 0.036365 0.143342 0.000000 -0.039846 0.998975 0.021489 6.188500 -0.142414 -0.026964 0.989440 2.321600 0.000000 0.000000 0.000000 1.000000
0.986150 0.038348 0.161363 -0.000000 -0.043095 0.998732 0.026018 6.188500 -0.160160 -0.032612 0.986552 2.321600 0.000000 0.000000 0.000000 1.000000
0.984052 0.035415 0.174320 0.000000 -0.043354 0.998179 0.041949 6.188500 -0.172517 -0.048838 0.983795 2.321600 0.000000 0.000000 0.000000 1.000000
0.982535 0.032725 0.183177 0.000000 -0.044146 0.997304 0.058622 6.188500 -0.180765 -0.065684 0.981331 2.321600 0.000000 0.000000 0.000000 1.000000
0.981894 0.032584 0.186609 0.000000 -0.045756 0.996722 0.066717 6.188500 -0.183824 -0.074048 0.980166 2.321600 0.000000 0.000000 0.000000 1.000000
0.981754 0.033322 0.187212 -0.000000 -0.047893 0.996118 0.073857 6.188500 -0.184024 -0.081476 0.979539 2.321600 0.000000 0.000000 0.000000 1.000000
0.980591 0.041677 0.191582 0.000000 -0.059126 0.994515 0.086281 6.188500 -0.186935 -0.095934 0.977677 2.321600 0.000000 0.000000 0.000000 1.000000
0.975705 0.064898 0.209258 -0.000000 -0.084746 0.992569 0.087316 6.188500 -0.202036 -0.102929 0.973954 2.321600 0.000000 0.000000 0.000000 1.000000
0.970354 0.083242 0.226899 0.000000 -0.102369 0.992001 0.073857 6.188500 -0.218936 -0.094894 0.971114 2.321600 0.000000 0.000000 0.000000 1.000000
